17
14
0 2 0 5 0 6
1 3
2 0 2 4 2 6
3 0 3 2
4 0 4 4
5 1
6 5 6 6
50
41 67
34 0
69 24
78 58
62 64
5 45
81 27
61 91
95 42
27 36
91 4
2 53
92 82
21 16
18 95
47 26
71 38
69 12
67 99
35 94
3 11
22 33
73 64
41 11
53 68
47 44
62 57
37 59
23 41
29 78
16 35
90 42
88 6
40 42
64 48
46 5
90 29
70 50
6 1
93 48
29 23
84 54
56 40
66 76
31 8
44 39
26 23
37 38
18 82
29 41
50
33 15
39 58
4 30
77 6
73 86
21 45
24 72
70 29
77 73
97 12
86 90
61 36
55 67
55 74
31 52
50 50
41 24
66 30
7 91
7 37
57 87
53 83
45 9
9 58
21 88
22 46
6 30
13 68
0 91
62 55
10 59
24 37
48 83
95 41
2 50
91 36
74 20
96 21
48 99
68 84
81 34
53 99
18 38
0 88
27 67
28 93
7 21
10 17
13 14
9 16
50
35 51
0 49
19 56
98 3
24 8
44 9
89 2
95 85
93 43
23 87
14 3
48 0
58 18
80 96
98 81
89 98
9 57
72 22
38 92
38 79
90 57
58 91
15 88
56 11
2 34
72 55
28 46
62 86
75 33
69 42
44 16
81 98
22 51
21 99
57 76
92 89
75 12
0 10
3 69
61 88
1 89
55 23
2 85
82 85
88 26
17 57
32 32
69 54
21 89
76 29
50
1 7
14 0
9 4
18 18
2 4
5 5
1 11
15 2
7 16
11 4
2 13
12 2
1 16
18 15
7 6
11 18
9 12
7 19
15 14
3 11
13 4
13 8
7 4
2 17
17 19
3 1
9 18
16 15
10 2
8 6
0 2
4 8
6 5
10 9
10 10
6 1
9 3
4 14
16 0
6 16
11 8
4 19
6 3
17 18
18 2
9 1
13 15
19 18
4 10
17 6
50
13 6
1 5
4 12
10 9
17 13
17 12
6 10
1 16
15 7
15 14
11 12
10 10
1 4
7 11
7 17
17 7
13 3
5 9
9 18
1 8
2 6
13 8
0 11
2 15
10 19
4 17
8 3
15 1
2 10
11 16
14 0
16 1
8 19
8 4
1 14
13 19
18 18
0 8
7 7
8 13
7 1
10 17
13 14
9 16
15 11
0 9
19 16
18 3
4 8
4 9
50
9 2
15 5
13 3
3 7
14 3
8 0
18 18
0 16
18 1
9 18
9 17
12 2
18 12
18 19
10 17
18 11
15 8
16 11
2 14
12 15
8 6
2 6
15 13
4 16
1 18
2 11
1 19
17 16
12 9
15 12
0 10
3 9
1 8
1 9
15 3
2 5
17 17
12 12
9 14
16 9
8 12
5 15
14 9
1 12
5 0
18 13
19 3
19 16
7 9
6 9
50
13 15
17 16
6 5
8 2
15 14
14 1
16 11
6 3
5 13
12 8
12 5
13 16
1 18
6 2
1 4
16 2
9 1
15 10
13 6
4 19
12 19
13 4
14 10
5 9
6 13
14 2
8 18
7 5
18 11
2 5
17 14
14 4
14 14
13 10
7 17
18 17
3 8
2 0
13 7
2 19
3 4
3 12
1 1
5 11
12 2
2 6
4 0
7 0
13 14
10 10
50
15 13
11 0
16 7
5 10
0 14
15 4
19 5
16 14
18 2
11 6
18 13
11 4
18 4
19 12
0 7
0 6
10 17
10 15
3 18
4 9
2 6
5 7
17 14
9 8
3 0
2 2
3 16
17 1
15 5
4 0
2 16
10 6
11 11
11 7
13 0
10 4
8 3
0 11
2 9
0 13
18 18
17 0
18 19
17 4
17 8
13 7
1 10
0 8
13 4
5 0
50
11 4
15 16
12 10
3 5
16 16
6 17
17 11
9 1
16 2
17 12
17 16
5 1
3 9
9 5
19 12
16 15
13 2
4 14
14 12
17 9
12 3
7 3
11 15
7 8
15 18
3 2
14 11
1 15
19 5
1 10
6 14
5 3
10 18
19 1
13 14
17 14
16 13
16 5
2 8
1 0
13 1
15 15
2 2
11 17
4 18
0 13
15 12
18 10
12 15
9 11
50
0 8
5 10
17 9
10 5
13 14
11 0
4 18
15 19
12 5
4 1
3 9
15 8
12 17
9 16
1 7
7 1
9 0
1 17
15 3
13 12
12 19
10 8
7 4
15 6
18 10
7 7
4 3
1 3
6 3
10 11
4 2
19 13
11 4
18 12
3 2
18 7
4 8
13 15
5 12
6 18
9 2
19 5
9 4
5 0
5 8
12 12
12 7
10 3
3 7
0 9
50
15 5
8 3
7 8
3 17
9 3
9 1
8 2
8 0
1 18
14 8
6 10
10 0
8 7
16 3
15 6
5 18
13 9
4 8
3 19
17 6
4 15
18 6
11 5
15 1
9 16
4 2
15 13
2 16
8 12
6 6
4 5
6 12
5 16
16 1
14 14
16 12
16 18
2 15
15 11
10 1
5 11
10 10
2 14
13 13
13 14
3 14
3 16
8 4
17 13
9 8
50
0 0
18 18
10 15
1 4
3 16
3 9
2 1
9 8
2 13
14 0
2 3
11 9
18 19
8 19
11 3
5 1
4 12
5 13
18 9
2 18
17 10
1 14
8 1
19 13
15 9
17 9
18 0
11 4
17 15
15 15
10 19
12 8
2 14
5 10
4 14
0 15
11 1
15 19
10 18
13 8
17 12
16 9
1 10
3 3
8 4
11 5
14 11
13 7
13 15
8 5
50
16 9
10 18
9 13
6 0
7 8
19 4
1 5
6 16
16 6
6 7
1 4
0 6
1 2
9 15
2 13
4 1
5 2
3 11
6 8
18 2
7 7
1 12
16 10
14 9
4 16
10 13
16 12
14 5
8 8
11 12
11 14
19 18
2 4
15 12
9 19
18 3
18 6
6 12
17 5
7 18
2 7
18 10
12 0
18 19
12 8
2 0
15 15
16 17
18 17
8 11
49
0 0
0 5
0 10
0 15
0 20
5 0
5 5
5 10
5 15
5 20
10 0
10 5
10 10
10 15
10 20
15 0
15 5
15 10
15 15
20 0
20 5
20 10
20 15
20 20
25 0
25 5
25 10
25 15
25 20
30 0
30 5
30 10
30 15
30 20
35 0
35 5
35 10
35 15
35 20
40 0
40 5
40 10
40 15
40 20
45 0
45 5
45 10
45 15
45 20
50
0 0
0 5
0 10
0 15
0 20
5 0
5 5
5 10
5 15
5 20
10 0
10 5
10 10
10 15
10 20
15 0
15 5
15 10
15 15
15 20
20 0
20 5
20 10
20 15
20 20
25 0
25 5
25 10
25 15
25 20
30 0
30 5
30 10
30 15
30 20
35 0
35 5
35 10
35 15
35 20
40 0
40 5
40 10
40 15
40 20
45 0
45 5
45 10
45 15
45 20
50
0 0
0 5
0 10
0 15
0 20
5 0
5 5
5 10
5 15
5 20
10 0
10 5
10 10
10 15
10 20
15 0
15 5
15 10
15 15
15 20
20 0
20 5
20 10
20 15
20 20
25 0
25 5
25 10
25 15
25 20
30 0
30 5
30 10
30 15
30 20
35 0
35 5
35 10
35 15
35 20
40 0
40 5
40 10
40 15
40 20
45 0
45 5
45 10
45 15
45 20
