164
1 1 0 0
1
1 2 0 0
1 0
1 3 0 0
0 1 0
1 4 2 1
1 1 1 1
1 5 1 1
1 1 0 1 0
1 6 1 0
1 0 0 1 0 0
1 7 1 1
0 0 1 1 0 1 0
1 8 2 3
1 0 1 1 1 0 1 1
2 1 0 1
1
1
2 2 1 1
1 1
1 0
2 3 2 1
1 0 0
1 1 1
2 4 1 1
1 1 0 0
1 0 0 0
2 5 0 1
0 0 0 0 0
0 1 0 1 0
2 6 2 1
0 1 1 0 1 1
0 0 0 0 0 0
2 7 3 4
0 0 1 0 1 1 0
0 0 1 1 1 1 1
2 8 3 4
0 0 1 0 1 0 1 1
0 0 0 1 1 1 1 0
3 1 0 0
0
1
0
3 2 1 2
1 1
1 0
1 0
3 3 2 2
0 1 0
0 0 1
1 1 1
3 4 3 4
1 1 1 1
1 1 1 0
1 0 0 0
3 5 3 4
0 1 0 0 1
0 1 0 1 0
1 0 1 1 1
3 6 2 3
0 1 0 0 0 0
1 0 1 0 0 1
0 1 1 0 0 0
3 7 6 6
1 1 0 1 0 1 1
1 0 1 1 0 1 0
1 1 0 1 1 0 0
3 8 5 6
1 0 0 0 1 1 0 1
1 1 1 1 1 0 1 0
0 0 0 0 0 0 1 1
4 1 0 1
1
1
0
0
4 2 1 2
0 0
1 0
1 0
1 1
4 3 2 1
0 1 0
0 0 1
0 0 0
0 1 1
4 4 3 3
0 0 0 1
0 0 1 1
1 1 0 0
1 1 0 0
4 5 5 6
0 1 1 1 0
1 1 1 1 0
1 0 1 0 0
1 1 0 0 1
4 6 7 8
1 1 0 1 0 0
1 1 0 1 1 0
1 0 0 1 1 1
1 0 1 1 1 1
4 7 7 8
1 1 1 1 0 0 1
0 0 1 0 0 1 0
1 0 1 1 1 1 1
0 0 0 1 1 0 1
4 8 6 7
0 0 1 0 0 0 1 1
1 0 1 0 0 1 0 1
1 0 0 0 1 1 0 1
0 0 0 0 1 1 0 1
5 1 0 1
1
1
0
0
0
5 2 2 3
0 0
1 1
0 1
1 0
1 1
5 3 4 4
1 0 0
1 0 0
1 1 0
1 1 1
1 0 1
5 4 4 4
0 1 1 1
0 1 1 1
1 0 0 0
0 0 0 1
0 1 0 0
5 5 5 5
0 1 1 1 0
0 1 1 0 0
0 1 0 1 1
0 0 0 0 1
0 0 1 1 0
5 6 6 7
0 0 1 0 0 1
0 0 0 1 0 1
0 1 1 0 0 1
0 0 1 1 1 0
1 1 1 0 1 0
5 7 8 8
0 1 0 1 1 1 1
0 0 0 0 0 0 1
1 1 1 1 0 0 0
0 1 0 1 0 1 0
1 0 0 1 1 1 0
5 8 10 9
0 1 1 0 1 0 1 0
1 1 1 0 0 0 1 0
1 0 1 0 1 0 0 0
1 1 0 0 0 1 0 1
1 1 1 1 0 0 1 0
6 1 2 2
0
1
1
1
1
1
6 2 2 2
1 1
0 0
1 1
0 0
0 0
0 1
6 3 6 6
1 0 1
1 1 1
1 1 0
1 0 1
0 0 1
1 1 1
6 4 6 5
1 1 0 0
0 1 1 0
0 1 1 1
0 1 0 0
1 0 1 0
0 1 0 1
6 5 7 7
1 1 0 0 1
1 0 0 0 1
0 1 0 1 1
0 0 0 1 0
0 1 1 1 0
0 1 0 1 1
6 6 11 11
0 1 1 0 1 0
0 0 1 1 0 1
0 1 1 1 1 0
0 1 1 0 1 1
1 1 1 0 1 0
1 1 1 1 1 0
6 7 10 9
0 1 0 1 0 0 1
0 1 0 0 0 1 1
0 1 1 1 0 1 0
1 1 0 0 0 1 1
1 0 0 0 0 1 1
1 1 0 0 1 0 0
6 8 13 14
0 1 1 1 0 0 0 1
0 1 1 1 0 1 0 1
0 0 0 1 1 0 0 0
1 0 1 1 1 1 1 0
1 1 1 0 1 1 0 1
1 1 1 1 1 0 0 0
7 1 1 0
1
0
0
0
0
0
1
7 2 3 2
0 0
0 1
0 1
1 0
1 0
1 1
0 0
7 3 5 5
1 1 0
0 1 0
0 1 1
1 1 1
0 0 1
0 0 1
1 0 0
7 4 5 5
0 0 0 0
1 1 0 1
0 0 1 1
1 0 0 1
0 0 0 0
0 0 0 1
1 1 0 1
7 5 6 7
1 1 1 0 0
0 0 0 1 1
0 0 0 0 1
0 1 0 1 0
0 0 1 1 1
0 0 0 0 0
0 1 1 0 1
7 6 12 13
1 1 0 1 1 0
0 1 0 0 0 1
1 1 0 1 0 1
1 1 1 1 0 0
1 1 0 1 0 0
1 0 1 0 0 1
1 1 1 1 1 1
7 7 12 13
0 1 0 1 1 1 1
0 1 0 0 0 0 1
0 0 0 0 1 1 1
1 1 0 0 1 0 1
0 0 1 1 0 1 0
1 1 0 0 0 0 1
1 0 1 1 1 1 1
7 8 12 11
1 0 1 0 0 1 1 0
0 0 1 1 0 1 0 1
1 0 0 0 0 0 1 1
0 0 0 1 0 1 0 1
1 0 1 0 1 1 0 1
1 0 0 0 0 1 1 1
0 0 0 0 1 0 0 0
8 1 1 0
0
0
0
1
0
0
1
0
8 2 2 3
0 1
0 0
0 1
0 1
1 0
1 0
0 1
0 0
8 3 3 4
0 1 0
0 0 0
1 1 1
0 0 1
0 0 0
0 0 1
0 0 0
0 1 1
8 4 7 6
1 0 1 0
1 0 1 0
0 1 1 0
1 0 0 0
1 0 1 1
0 1 0 0
0 0 0 0
1 0 1 1
8 5 10 10
1 1 1 0 0
0 1 0 1 0
1 0 1 1 0
1 0 1 1 0
1 0 1 0 1
0 0 0 1 1
1 1 1 0 1
1 0 0 0 0
8 6 11 11
1 1 0 1 0 0
0 0 0 0 1 0
0 1 1 1 1 1
1 1 1 1 0 0
1 1 0 0 1 0
1 0 1 1 1 1
0 0 0 1 0 0
0 0 0 1 0 0
8 7 12 11
0 1 1 0 0 0 0
1 0 0 0 1 0 1
1 1 1 1 0 0 1
0 1 0 0 1 0 0
0 1 0 1 0 1 1
0 0 0 1 0 1 0
0 0 1 0 1 0 0
0 1 1 1 0 1 0
8 8 15 15
0 1 0 0 0 0 1 0
0 0 1 0 0 1 1 1
0 1 0 0 1 0 1 0
1 0 1 1 0 1 1 0
1 0 1 0 1 1 1 1
0 0 1 0 1 0 0 1
1 1 1 1 1 0 0 0
0 1 0 1 1 0 0 0
8 8 14 15
1 0 1 1 1 1 1 1
1 0 0 0 0 0 1 0
0 1 0 1 0 1 0 0
0 0 0 0 1 0 1 1
1 0 1 1 0 0 0 0
1 1 0 1 0 1 1 1
1 0 0 1 0 0 0 0
0 1 0 0 1 0 1 1
8 8 16 16
0 0 0 1 0 0 0 0
1 0 1 0 0 1 1 1
1 1 1 0 0 0 1 1
0 1 1 0 0 0 1 1
0 0 1 0 0 1 1 1
1 0 0 1 0 1 0 0
0 1 1 1 0 1 1 0
0 1 0 1 1 1 1 1
8 8 12 13
0 1 0 0 0 0 0 1
0 1 1 1 0 0 0 0
1 0 1 1 0 1 0 0
0 1 1 1 0 0 1 1
0 0 0 1 0 1 0 0
0 1 0 1 0 0 0 0
1 0 0 1 0 0 1 0
1 1 0 1 1 1 0 0
8 8 17 17
0 1 0 1 0 1 1 1
1 0 0 1 1 0 1 1
0 0 1 1 0 0 1 1
1 0 0 1 0 0 0 1
1 1 0 0 1 1 0 0
1 1 1 1 1 0 0 0
1 1 0 0 1 1 0 0
1 1 1 1 1 0 0 0
8 8 17 17
0 1 1 1 0 1 1 0
1 1 1 0 0 1 0 0
1 0 0 0 1 1 1 1
1 1 0 1 1 0 0 0
1 1 0 0 0 1 0 0
0 1 1 0 1 1 1 0
1 1 0 0 1 0 1 1
1 1 0 0 1 0 0 1
8 8 16 17
0 0 1 0 1 1 0 1
0 1 0 0 0 0 1 1
1 1 1 0 1 1 1 1
0 0 1 1 1 1 0 1
1 0 1 1 0 0 1 1
0 1 1 0 0 1 0 1
1 0 1 0 0 0 0 1
0 0 1 0 0 1 0 1
8 8 17 17
1 0 1 1 0 0 0 0
0 1 0 0 1 1 0 1
0 0 1 1 1 1 0 0
1 1 1 0 0 1 0 1
0 1 0 1 0 1 1 1
1 0 1 0 0 0 1 0
0 1 0 0 1 1 1 1
1 0 1 1 1 1 1 0
8 8 15 15
1 1 1 0 0 1 1 1
0 1 0 0 0 1 1 0
0 0 1 1 0 1 0 1
0 0 1 1 1 1 1 1
0 1 1 0 0 1 0 0
1 1 1 0 1 0 0 0
1 0 1 0 1 0 0 0
1 0 0 0 0 0 0 1
8 8 16 16
0 0 0 1 1 0 1 0
0 1 1 0 1 0 1 0
1 0 1 1 0 0 1 0
1 0 1 0 0 0 0 0
1 0 0 0 1 1 1 1
1 0 1 1 1 1 1 1
0 1 1 1 1 0 1 1
0 0 0 0 1 1 0 0
8 8 18 18
1 0 1 1 0 1 0 0
1 0 1 0 0 0 1 1
1 0 1 1 1 0 1 0
0 1 1 0 1 0 1 1
1 0 0 1 1 1 1 1
1 0 1 1 0 1 1 0
0 0 0 1 0 0 1 1
0 0 1 1 1 0 1 1
8 8 16 16
1 1 1 1 1 1 0 1
1 0 0 1 1 1 1 0
1 0 0 0 0 1 1 0
0 0 1 0 0 1 1 0
0 1 0 1 1 0 0 0
1 1 1 0 0 1 0 1
1 1 1 0 0 0 1 0
0 0 1 1 0 1 0 0
8 8 19 20
0 1 0 1 1 0 0 1
1 1 1 0 1 0 1 0
1 1 1 1 0 1 0 1
1 0 0 0 1 1 0 0
1 0 0 1 1 1 0 0
0 1 1 1 0 1 1 1
1 1 1 1 0 1 1 1
0 0 1 1 1 1 1 0
8 8 17 17
0 0 1 1 0 1 1 1
0 1 1 0 1 0 1 1
0 1 1 1 0 0 0 0
1 0 0 1 0 0 1 1
0 1 0 1 0 0 0 0
1 1 1 1 1 1 0 1
1 0 1 1 1 0 1 0
1 0 0 0 1 0 1 1
8 8 17 16
0 1 1 0 1 1 0 1
1 0 1 0 1 0 1 1
1 1 0 1 0 0 0 1
1 1 1 0 1 0 1 0
1 1 0 0 1 0 1 0
0 1 0 1 0 0 0 0
1 1 0 1 0 0 1 0
0 0 1 1 1 1 1 0
8 8 13 14
0 0 1 1 1 0 0 1
0 1 0 1 0 0 1 0
0 0 1 0 1 1 0 1
0 1 1 1 1 0 0 1
0 1 1 1 0 0 1 0
0 0 0 1 0 1 0 1
0 0 0 0 1 0 0 1
1 1 1 0 0 0 0 0
8 8 19 19
1 1 0 0 1 1 0 0
1 1 1 1 0 1 1 1
0 0 1 1 0 0 0 0
1 1 0 1 0 0 1 1
0 1 1 0 1 1 1 0
0 1 0 1 1 0 0 1
1 1 1 0 1 0 1 0
1 1 1 1 0 1 1 1
8 8 16 17
0 1 1 1 0 0 1 1
1 1 1 1 1 0 1 0
0 0 1 0 1 0 0 1
0 0 0 0 1 1 0 1
1 0 1 0 0 0 0 0
1 1 1 0 0 0 1 1
1 0 1 0 1 1 0 1
0 1 1 1 1 0 1 0
8 8 17 16
1 0 1 0 1 1 1 1
1 1 0 1 0 1 1 1
1 0 1 0 1 1 0 1
0 0 1 0 1 0 0 1
0 1 0 1 0 0 1 1
0 1 0 1 0 0 1 0
1 1 1 0 0 0 1 0
1 1 0 0 0 0 0 1
8 8 16 16
0 1 1 1 1 1 0 0
0 1 1 0 0 1 0 0
1 0 0 1 0 0 1 0
1 1 1 0 1 0 1 1
0 1 1 0 1 1 0 0
1 1 0 0 0 0 1 0
1 1 0 1 0 1 0 1
0 1 0 1 0 1 1 0
8 8 18 17
1 1 1 1 0 1 1 0
1 1 0 1 0 0 1 0
0 1 0 0 1 1 1 0
1 0 0 1 0 0 1 0
1 0 1 1 1 0 1 0
1 0 0 0 1 0 0 1
1 1 0 0 1 1 0 1
0 1 1 1 1 1 0 1
8 8 14 15
0 1 1 1 1 0 1 1
0 0 1 1 1 0 1 0
0 0 0 1 1 0 0 0
1 0 1 0 1 1 0 0
1 1 0 1 1 1 1 0
0 0 0 1 1 1 0 0
0 0 0 0 1 0 1 0
0 1 0 1 1 0 0 0
8 8 14 14
0 1 0 0 0 1 0 0
0 0 0 1 1 0 0 1
0 0 1 0 0 0 1 0
0 0 1 1 0 1 1 0
0 1 0 0 0 1 0 1
0 1 1 1 1 0 1 0
1 0 1 1 1 0 0 0
1 1 0 1 1 1 0 1
8 8 17 17
0 1 0 1 0 1 0 0
0 1 1 0 1 1 0 0
1 1 1 1 1 0 1 1
0 0 1 0 1 0 1 0
1 0 1 1 0 0 1 1
0 1 0 1 1 1 0 1
0 0 0 1 0 0 1 0
1 1 1 1 0 1 1 0
8 8 13 14
1 1 0 0 0 0 0 1
0 1 1 0 1 0 0 0
0 1 1 1 0 0 0 1
1 0 1 1 0 1 1 0
0 0 1 0 0 1 0 0
0 0 1 0 1 0 0 0
1 0 1 1 1 1 1 1
0 0 0 1 1 0 0 0
8 8 20 21
1 0 1 0 0 0 1 1
0 1 0 1 0 1 1 1
1 0 0 1 1 0 1 1
1 0 1 1 0 1 0 1
1 1 1 1 1 0 1 1
1 0 0 1 1 1 0 0
1 1 1 1 0 0 1 1
1 0 1 1 1 1 1 0
8 8 14 14
0 1 0 0 1 0 0 0
1 1 0 0 0 0 1 1
1 1 1 1 0 0 0 1
0 0 1 0 1 0 0 0
0 0 1 0 1 1 0 1
1 1 0 0 1 1 0 1
1 0 0 0 0 0 0 1
1 1 0 1 1 0 1 0
8 8 17 17
1 1 1 1 0 1 1 0
1 1 1 0 1 0 0 1
0 0 1 1 1 1 0 0
1 0 1 0 0 1 0 1
0 0 0 0 1 0 1 0
0 0 1 1 0 1 1 1
1 1 0 1 1 0 1 0
1 0 0 0 1 0 1 1
8 8 14 15
1 0 0 1 1 1 0 0
0 0 0 0 0 1 0 1
1 1 1 0 1 1 1 1
0 0 1 1 1 1 0 1
0 1 1 0 0 1 1 0
0 0 0 0 0 1 1 0
0 0 0 1 1 0 1 0
0 0 0 0 1 1 1 0
8 8 18 17
1 1 0 0 0 0 0 1
1 1 1 0 1 0 1 1
0 1 0 0 1 1 1 0
1 1 1 0 1 0 1 0
0 1 1 0 1 1 0 0
1 1 1 1 0 0 0 0
1 1 1 1 1 1 1 0
0 1 0 1 1 0 0 0
8 8 16 16
1 0 1 0 0 0 0 0
1 0 1 0 1 1 1 1
0 1 1 1 1 0 1 1
0 0 1 0 1 0 0 0
0 1 1 0 1 1 0 0
1 1 0 0 0 1 1 1
0 0 1 0 1 0 1 0
0 1 1 0 0 1 1 1
8 8 18 17
1 0 1 0 0 0 1 1
0 1 1 1 0 0 1 0
1 0 0 0 1 0 1 0
1 0 1 0 0 1 1 1
0 0 0 0 1 1 0 1
1 0 1 1 1 0 1 1
1 0 1 1 1 0 0 0
1 1 0 1 1 1 1 1
8 8 15 14
1 1 1 0 0 0 0 0
0 0 1 1 0 1 0 0
1 0 0 1 0 1 1 0
0 1 1 1 1 0 1 0
1 1 1 0 1 1 0 1
1 0 0 0 0 0 1 0
0 0 0 0 1 1 0 0
0 1 1 0 1 1 0 1
8 8 16 17
0 1 1 1 0 1 1 0
0 0 0 1 0 1 1 0
0 1 0 1 0 1 1 1
1 0 0 0 1 1 1 1
0 0 0 1 0 1 0 1
0 0 1 1 0 1 1 0
1 0 1 0 1 0 1 1
0 0 1 0 1 0 1 1
8 8 15 14
0 0 1 0 0 1 0 1
1 1 0 0 1 0 1 0
0 1 1 0 0 1 1 1
0 1 1 0 1 1 0 0
0 1 1 1 0 0 0 0
1 1 1 0 0 1 0 0
1 0 0 0 0 1 0 0
1 1 0 0 1 0 1 1
8 8 16 17
1 1 1 0 0 0 0 1
1 0 0 1 0 0 0 0
0 0 1 0 0 1 0 1
1 1 0 1 0 0 0 1
1 1 1 1 1 0 0 0
1 1 0 1 1 1 0 0
1 1 0 1 1 1 0 0
1 1 1 0 1 1 0 1
8 8 15 16
0 1 0 1 0 0 0 1
1 1 0 0 1 1 1 0
1 0 0 1 1 1 1 1
0 0 1 1 0 0 0 0
1 0 1 0 1 1 1 1
0 0 0 1 0 0 0 1
1 1 1 1 0 0 1 1
0 0 0 0 1 1 0 0
8 8 16 16
0 0 0 1 1 0 1 0
0 0 1 1 0 0 1 1
0 1 1 1 0 1 1 0
0 1 1 0 0 1 0 1
0 0 0 0 1 0 1 0
1 1 1 1 0 1 0 0
1 1 0 1 0 1 1 0
1 1 0 1 1 0 0 1
8 8 12 12
1 0 0 0 1 0 1 0
0 0 1 0 1 1 1 0
1 1 0 0 1 1 0 0
0 1 0 1 1 0 0 0
0 0 1 0 0 0 0 1
0 1 0 0 0 1 0 1
0 1 0 0 0 1 0 1
0 1 0 1 1 0 0 0
8 8 14 14
0 1 0 1 1 0 0 0
0 1 0 1 0 0 0 0
1 0 0 1 1 0 0 0
1 0 0 0 0 1 0 0
1 0 1 1 1 0 0 0
1 0 1 1 0 1 1 1
1 1 1 0 1 0 1 1
0 1 0 0 1 1 0 0
8 8 17 17
0 1 0 0 1 0 1 1
1 1 1 1 0 0 0 0
1 1 1 1 1 1 1 0
0 0 0 1 1 0 1 1
0 1 1 0 1 0 1 0
1 1 0 0 1 1 1 0
0 1 1 0 0 0 0 1
0 0 0 0 1 1 1 1
8 8 13 13
0 1 0 0 0 0 0 0
1 0 0 0 0 0 1 1
0 1 1 1 1 1 1 0
1 0 1 0 0 1 1 0
0 1 0 0 1 0 1 1
0 1 0 1 0 1 0 1
0 1 0 0 1 1 1 0
0 0 0 0 0 0 0 1
8 8 15 16
0 0 1 0 1 0 0 1
0 0 0 0 0 0 0 1
0 0 0 0 1 1 0 0
0 1 1 0 0 1 1 0
0 1 0 1 1 1 0 1
0 0 1 1 1 1 1 1
1 1 0 0 1 1 1 0
1 1 1 0 0 1 1 1
8 8 15 14
0 1 0 0 0 1 1 1
0 0 0 0 0 1 0 1
0 0 1 0 0 0 0 0
1 0 0 0 0 0 1 1
1 1 1 1 0 0 1 1
0 1 0 1 1 1 0 1
0 0 1 1 1 1 0 0
0 0 0 1 1 1 1 1
8 8 15 16
0 0 1 1 1 0 1 1
0 1 1 0 0 1 0 0
0 0 1 1 0 1 0 0
1 1 0 1 1 1 1 1
1 1 1 1 0 1 1 0
0 0 0 1 0 0 0 0
0 1 1 0 1 0 1 0
0 0 1 0 0 1 1 0
8 8 13 13
0 1 1 1 1 0 1 0
1 0 0 0 1 0 1 1
0 0 0 0 1 0 1 1
0 1 0 1 1 1 0 0
1 0 0 0 0 0 1 0
0 0 0 0 1 0 0 0
1 1 0 1 0 0 1 1
0 0 0 0 1 1 0 1
8 8 16 17
0 1 1 0 0 0 1 1
0 1 0 0 0 1 1 1
1 0 1 1 1 1 0 0
0 1 1 1 0 1 1 0
1 1 0 1 1 1 1 1
1 1 0 0 0 1 0 1
0 0 0 0 1 0 0 1
0 0 0 0 1 0 1 1
8 8 14 14
1 0 0 1 0 1 0 0
0 1 0 0 1 0 0 1
1 1 1 0 1 1 0 0
0 0 1 0 1 1 0 1
0 0 0 1 0 0 0 1
1 0 0 0 0 0 0 0
0 0 1 0 1 1 1 1
0 1 1 1 1 1 1 0
8 8 19 20
1 0 1 1 0 1 1 0
0 1 1 0 1 1 1 1
1 1 0 0 0 0 0 0
1 1 0 0 0 0 0 1
1 1 1 1 1 1 1 0
0 1 1 1 1 0 1 1
1 0 0 1 1 0 1 1
0 1 1 0 1 1 1 1
8 8 17 16
1 1 1 1 1 0 1 0
0 1 1 0 1 1 0 1
1 0 1 1 1 1 0 1
0 1 0 1 0 0 1 1
0 0 0 1 1 0 1 1
1 0 0 1 0 1 0 1
1 1 0 0 0 0 0 1
0 0 0 1 1 0 0 0
8 8 12 13
0 0 0 1 0 0 0 1
0 1 0 0 0 0 0 1
1 1 1 0 1 1 0 0
0 0 0 1 1 0 1 0
0 1 1 0 0 1 0 0
1 0 0 0 1 0 0 0
1 0 0 0 0 1 0 1
1 0 0 1 1 1 1 1
8 8 14 13
0 1 1 1 1 0 1 0
0 1 0 0 0 0 0 1
1 0 0 0 0 0 1 1
0 0 0 0 0 1 0 0
0 1 0 0 0 0 1 0
1 0 1 1 1 0 0 1
0 1 0 1 1 1 1 1
1 0 1 0 1 1 0 0
8 8 14 15
0 0 1 0 1 0 1 1
0 0 0 0 1 0 1 0
0 1 1 1 1 0 0 0
1 0 1 0 0 0 0 1
0 0 0 1 1 1 0 1
1 1 1 1 0 1 1 1
0 0 1 0 0 0 0 1
1 1 1 0 0 0 0 1
8 8 13 13
0 0 0 0 0 1 1 0
1 0 0 0 0 1 1 0
0 1 0 1 1 0 0 1
1 0 0 0 1 0 1 1
1 1 0 1 0 0 0 1
1 1 1 0 1 1 0 1
0 0 1 0 0 0 0 0
1 1 0 0 0 0 1 0
8 8 13 13
0 0 1 1 0 1 0 1
1 1 0 0 1 0 0 1
0 0 0 0 0 0 1 1
1 0 0 1 1 0 1 0
1 1 1 0 0 0 1 0
0 0 1 1 0 0 0 1
0 0 1 1 0 0 1 1
0 0 0 0 1 1 0 0
8 8 17 18
0 1 0 0 1 1 0 1
0 0 0 1 1 0 1 1
1 0 0 1 1 1 1 0
1 0 0 1 0 1 1 1
0 0 1 0 1 0 1 1
0 1 0 1 1 1 0 1
0 0 0 1 1 1 1 1
1 0 1 1 1 0 0 0
8 8 15 16
0 0 0 1 1 0 1 1
1 0 1 0 1 1 0 1
0 0 0 0 1 0 1 0
0 0 0 1 0 1 0 1
1 1 1 0 1 0 0 1
0 1 0 1 0 0 1 1
0 0 0 1 1 0 1 0
1 1 1 0 1 0 1 1
8 8 16 16
1 1 1 0 1 1 1 0
1 1 1 1 0 0 0 1
0 1 1 0 1 1 0 0
0 0 1 0 0 0 1 1
1 0 0 0 1 0 1 0
1 0 0 1 1 1 1 1
1 0 0 0 0 1 1 1
0 0 1 0 0 0 0 1
8 8 20 21
1 0 1 1 1 0 0 0
1 0 1 0 1 1 1 1
1 1 1 1 1 1 0 1
1 0 0 1 0 0 0 0
1 1 0 1 1 1 1 1
1 1 1 1 1 1 0 1
0 1 1 1 0 1 1 0
1 1 0 0 0 1 0 1
8 8 10 10
0 1 0 0 1 0 0 0
0 0 0 1 1 1 0 0
1 0 0 0 0 0 0 1
0 0 1 0 0 0 0 0
0 0 0 0 1 0 1 0
1 0 1 0 0 1 0 0
0 1 1 0 0 0 1 1
0 1 0 0 0 1 1 1
8 8 14 14
1 0 0 1 0 0 0 1
1 0 0 0 0 1 1 1
1 1 0 0 0 0 1 1
0 0 1 1 1 0 1 1
0 0 0 0 0 0 0 1
1 1 1 1 1 1 0 1
1 0 0 0 0 1 0 0
0 0 0 0 0 1 1 1
8 8 17 17
1 1 1 1 1 1 0 1
0 0 0 0 1 1 1 0
1 0 1 0 0 0 1 0
1 1 1 1 1 0 1 1
0 1 1 1 0 0 0 0
1 0 1 1 1 0 1 0
1 0 0 0 1 1 0 0
0 1 1 0 1 0 0 1
8 8 16 16
1 1 1 0 1 1 1 0
0 1 0 1 1 1 0 0
0 1 1 1 0 0 0 0
0 1 0 0 0 1 0 1
0 1 1 0 1 1 1 1
0 1 0 0 0 0 1 1
1 0 1 0 1 0 0 0
0 0 1 1 0 1 1 1
8 8 14 13
0 1 0 0 1 0 0 1
1 1 1 0 0 0 0 0
1 0 0 1 0 0 0 1
1 0 1 1 1 0 1 0
1 1 0 0 0 1 0 1
1 0 1 0 0 0 1 0
1 1 1 0 0 0 0 1
0 0 0 1 0 1 0 1
8 8 16 15
0 0 0 1 1 1 0 1
0 0 0 1 0 0 0 0
1 0 1 1 1 0 1 1
1 0 1 1 1 0 1 0
0 0 1 1 0 1 1 0
0 0 0 0 1 1 1 1
1 0 1 0 0 0 1 1
1 1 0 0 0 1 0 1
8 8 16 17
1 1 1 1 0 1 1 1
1 1 0 0 1 0 0 0
1 1 0 1 1 1 0 1
1 0 1 0 1 0 1 0
1 0 0 0 0 1 1 1
1 1 0 1 0 0 0 0
0 1 0 0 0 0 0 0
1 1 1 1 1 0 1 0
8 8 15 16
1 0 0 0 0 0 0 1
0 1 1 1 1 1 0 0
1 1 0 1 0 0 0 1
0 1 1 1 0 0 1 0
0 0 0 0 1 0 1 1
1 1 0 0 1 0 1 0
1 1 1 1 1 1 1 0
1 0 1 0 0 0 0 1
8 8 17 17
1 0 0 1 0 0 1 0
1 1 0 0 1 1 1 1
1 1 0 0 1 0 0 0
1 0 1 1 1 0 0 1
0 1 0 0 0 1 1 0
1 1 1 1 1 1 1 0
1 0 0 1 0 1 0 0
0 1 1 1 0 1 0 1
8 8 18 18
0 0 0 0 1 0 1 1
1 0 1 1 1 0 1 1
0 1 1 0 1 0 0 1
1 1 1 1 1 1 1 1
0 1 0 0 0 0 1 1
0 1 1 0 1 0 1 0
0 0 0 0 0 1 1 1
1 0 1 1 1 1 0 1
8 8 18 17
1 1 0 0 0 1 1 1
1 0 1 0 0 1 1 1
0 0 1 1 0 1 1 1
0 0 0 1 1 1 1 0
1 1 1 0 0 0 1 1
0 0 0 1 0 0 1 1
1 0 1 0 1 0 1 1
1 1 1 0 0 1 0 0
8 8 14 14
1 1 1 0 0 1 1 1
0 0 0 0 0 1 0 0
1 0 1 1 1 1 0 1
0 0 0 1 1 1 1 0
0 0 1 1 0 0 0 1
1 0 0 0 0 1 0 0
1 1 0 1 1 0 0 1
0 0 1 0 0 0 0 1
8 8 15 14
1 0 1 1 0 0 1 0
1 0 1 1 0 1 0 1
0 0 0 0 0 0 1 0
0 1 0 0 0 1 1 1
0 1 1 0 0 1 1 1
0 0 1 0 1 1 0 0
0 1 1 0 1 1 0 0
0 1 0 1 0 1 0 1
8 8 17 17
1 1 1 0 1 1 1 0
0 0 0 0 1 1 1 1
1 0 1 1 1 1 0 0
0 1 0 1 0 0 0 1
0 0 1 0 0 0 1 1
0 0 0 1 0 1 0 1
1 1 0 0 0 1 0 1
1 1 1 0 1 1 1 1
8 8 16 16
0 0 1 0 0 1 0 1
1 0 0 1 0 0 0 1
1 0 1 1 0 0 1 0
0 0 1 1 1 1 1 1
1 1 0 0 1 1 1 1
1 1 1 0 1 1 0 0
0 0 1 1 1 0 1 0
0 0 1 0 0 1 0 0
8 8 16 15
0 0 0 0 0 1 1 0
0 1 0 1 1 0 0 1
0 1 1 0 0 0 1 1
0 0 1 1 0 1 1 1
1 1 1 0 1 1 0 1
1 0 0 1 0 1 0 0
1 1 0 1 1 0 0 1
0 1 0 0 0 0 1 1
8 8 16 16
0 0 1 0 1 1 0 0
1 1 0 0 1 1 0 1
0 1 1 0 0 0 0 0
1 0 1 1 0 1 0 1
0 1 0 1 1 1 1 0
0 1 1 1 1 1 1 0
1 0 0 1 1 1 0 0
0 0 1 1 1 0 0 0
8 8 14 15
0 1 0 0 0 1 1 0
1 0 0 0 0 1 0 0
1 0 0 0 0 0 1 0
0 0 1 1 0 1 0 1
0 1 1 1 1 0 1 0
1 0 0 1 1 1 0 1
0 1 0 1 0 1 1 0
0 1 0 1 1 1 1 0
8 8 15 16
1 1 0 0 1 0 1 0
0 0 0 1 1 1 1 0
0 1 0 1 1 0 0 1
0 0 1 0 0 0 0 0
1 1 1 1 1 1 1 0
0 0 1 1 0 0 0 0
1 0 1 1 1 0 1 1
0 1 1 0 1 1 0 0
8 8 14 14
0 0 0 1 0 1 0 1
1 0 0 1 1 1 0 1
1 1 0 0 0 1 0 0
0 1 0 1 1 0 0 0
0 0 0 1 1 1 1 1
0 1 1 0 1 0 0 1
0 0 0 1 1 0 0 0
0 1 0 1 1 1 0 0
8 8 19 19
0 1 1 0 1 0 1 0
1 0 0 1 1 1 1 0
1 1 0 1 0 0 0 1
0 1 0 0 1 1 0 1
1 0 1 0 1 1 0 1
1 1 1 1 1 0 1 1
0 1 0 1 1 1 0 1
1 1 0 1 1 0 0 1
8 8 14 14
1 0 1 1 1 1 0 1
1 1 0 0 0 1 0 0
1 1 0 0 0 1 0 1
1 0 0 1 0 1 0 0
1 0 0 0 0 1 0 0
1 0 0 1 1 1 1 0
0 0 0 0 0 0 1 1
0 0 1 1 1 0 1 0
8 8 14 15
0 1 0 0 0 1 0 0
0 1 0 1 0 1 1 0
1 0 1 0 0 0 1 0
1 1 0 0 1 0 0 1
0 1 1 1 0 0 0 0
0 1 1 1 0 1 0 1
0 0 1 1 0 0 1 1
1 1 1 0 0 1 1 0
8 8 12 13
1 0 0 1 0 1 0 0
0 0 0 1 0 0 0 0
1 0 0 1 0 0 0 0
0 0 0 0 0 0 0 1
1 1 1 1 0 1 1 1
0 0 1 0 0 1 0 0
1 1 0 0 0 1 1 1
0 0 1 1 1 0 1 1
8 8 18 17
0 1 1 0 1 0 1 0
0 1 0 1 1 0 1 1
1 0 1 0 0 1 1 1
1 0 1 0 1 0 0 0
1 0 0 1 1 0 0 1
1 0 1 1 1 1 1 1
0 1 1 0 1 0 0 0
1 0 0 1 1 1 1 0
8 8 17 17
1 1 0 1 0 1 1 0
1 0 0 0 0 0 1 0
1 1 0 0 1 0 1 1
0 0 0 0 0 1 1 0
1 0 1 0 1 0 1 1
1 0 0 0 1 1 1 0
1 1 0 1 1 0 1 1
1 1 0 1 1 1 1 0
8 8 18 19
1 1 1 0 0 1 1 0
1 1 1 1 1 1 0 0
1 0 1 0 1 1 0 1
1 1 0 1 1 0 1 1
0 1 0 0 1 0 1 0
0 1 0 1 1 1 0 0
1 1 1 1 0 0 1 0
1 1 0 0 0 0 1 1
8 8 17 17
1 1 0 1 0 1 1 1
0 1 1 0 1 0 0 0
0 1 1 1 0 0 1 0
0 1 0 1 1 0 1 0
1 0 0 1 0 1 1 1
0 1 0 1 1 0 1 1
0 1 1 1 1 0 0 1
1 1 1 0 0 0 0 0
8 8 17 18
0 0 1 0 0 1 1 0
1 1 0 1 1 1 0 0
1 0 1 1 1 1 1 1
0 0 0 0 0 0 1 0
1 0 1 1 0 1 1 1
1 0 1 1 0 1 1 1
0 0 1 1 1 0 0 1
1 0 0 0 1 1 0 1
8 8 14 14
1 0 1 0 0 0 0 0
1 1 0 1 0 0 1 0
0 0 0 0 1 1 0 1
1 1 1 0 0 1 0 0
0 1 1 1 0 0 1 0
0 1 0 1 1 1 0 1
0 0 1 0 1 1 1 1
0 1 0 0 0 1 0 0
8 8 17 18
1 0 1 1 0 1 1 1
0 1 0 1 1 1 1 0
1 1 1 0 0 1 1 0
1 0 0 1 1 0 0 0
1 1 0 0 1 0 1 1
0 1 0 1 0 1 1 1
1 0 1 1 0 1 0 0
1 1 0 0 0 0 0 1
8 8 21 20
1 0 1 1 1 1 0 0
0 0 1 1 0 1 1 1
1 0 1 1 1 1 1 1
0 0 1 0 0 0 1 1
0 0 1 0 0 1 1 1
1 1 1 0 1 0 1 1
0 1 1 1 0 1 1 1
1 1 1 1 0 1 1 0
8 8 16 16
0 0 1 0 0 1 1 0
0 1 1 1 1 1 1 0
0 0 1 0 1 0 1 1
1 1 0 1 1 0 0 0
1 0 1 0 0 1 0 1
1 0 0 1 1 0 1 1
0 0 0 1 0 0 1 0
0 1 1 1 1 0 0 1
8 8 16 16
0 0 0 1 0 1 0 1
1 1 1 0 1 1 1 0
0 0 0 0 1 1 1 1
1 0 0 0 0 0 0 1
1 0 1 0 0 1 1 0
0 0 0 1 1 0 1 1
1 1 0 1 1 1 1 0
1 1 0 1 0 0 1 0
8 8 12 11
1 0 0 0 0 0 0 0
1 1 1 0 0 0 1 0
0 1 0 0 0 0 1 1
0 0 1 0 1 1 1 1
0 0 1 0 1 1 1 1
0 0 0 1 0 0 0 0
0 0 0 0 1 1 0 1
0 1 0 0 0 0 1 0
8 8 16 16
1 0 1 0 0 1 0 0
0 0 1 1 0 0 1 0
1 0 0 1 1 0 0 0
0 1 1 1 0 1 1 0
0 1 0 1 0 1 0 0
1 1 0 0 0 1 1 1
1 0 0 1 1 1 1 0
1 1 1 1 1 0 1 0
8 8 16 15
1 0 1 0 0 1 1 0
1 0 0 0 1 1 1 0
1 0 0 0 1 1 0 1
0 0 1 1 1 1 0 0
0 0 0 0 0 1 1 1
1 0 0 1 0 0 1 1
1 1 0 1 1 0 1 0
1 0 1 1 0 1 0 0
8 8 18 19
1 1 1 1 1 0 1 0
1 0 0 0 0 1 1 0
1 0 1 0 0 1 0 0
1 1 1 0 1 0 0 1
0 1 0 0 1 1 1 0
1 1 1 0 1 0 1 1
1 1 1 1 1 0 0 1
1 0 1 1 1 0 1 0
8 8 13 12
1 0 1 0 0 1 0 1
1 0 0 1 1 0 0 0
0 0 1 0 0 1 0 1
0 1 0 0 0 1 0 1
0 0 1 0 1 0 1 0
0 0 0 1 0 1 0 0
1 0 0 1 0 0 1 1
1 0 0 0 1 1 0 1
8 8 17 18
1 1 0 1 1 1 0 1
1 1 1 1 1 1 1 0
0 0 1 1 1 0 0 0
0 0 1 0 0 1 0 1
0 1 0 1 1 0 0 0
1 0 1 1 1 1 0 0
1 1 1 0 1 0 0 1
0 0 0 1 1 1 0 1
8 8 17 17
1 1 1 1 1 0 1 0
1 1 0 1 1 0 1 0
1 1 1 0 0 0 1 0
0 0 0 1 0 0 0 1
0 1 1 0 1 0 1 1
1 1 0 0 1 1 1 0
0 1 0 0 1 0 0 0
1 0 1 1 1 1 1 0
8 8 15 16
1 1 0 1 1 0 0 0
1 1 1 0 1 0 1 0
0 0 1 0 1 0 0 1
0 1 0 0 0 1 0 0
1 1 0 0 0 0 0 0
1 1 0 1 1 1 1 1
1 1 0 1 0 1 0 0
0 1 0 1 1 1 1 0
