10
32
0.001920 0.001920 0.038880 0.002880 0.017280 0.001920 0.155520 0.005120 0.017280 0.103680 0.025920 0.002880 0.011520 0.004320 0.069120 0.007680 0.103680 0.046080 0.001280 0.017280 0.017280 0.069120 0.069120 0.002880 0.103680 0.007680 0.011520 0.025920 0.025920 0.011520 0.011520 0.007680
4
0.938100 0.021100 0.029300 0.011500
8
0.969300 0.024700 0.003000 0.002000 0.000300 0.000100 0.000100 0.000500
8
0.063000 0.003000 0.027000 0.027000 0.243000 0.063000 0.567000 0.007000
4
0.007200 0.002800 0.277200 0.712800
16
0.004700 0.075500 0.626100 0.197600 0.004300 0.075600 0.000100 0.002000 0.007400 0.001900 0.001200 0.001400 0.001000 0.000700 0.000100 0.000400
16
0.009000 0.084000 0.021000 0.084000 0.084000 0.049000 0.036000 0.196000 0.009000 0.084000 0.049000 0.036000 0.021000 0.021000 0.196000 0.021000
32
0.076100 0.311500 0.111400 0.154200 0.279600 0.015900 0.001200 0.042000 0.000200 0.001400 0.002100 0.002300 0.000200 0.000100 0.000100 0.000100 0.000100 0.000100 0.000100 0.000100 0.000100 0.000100 0.000100 0.000100 0.000100 0.000100 0.000100 0.000100 0.000100 0.000100 0.000100 0.000100
8
0.090000 0.210000 0.060000 0.140000 0.210000 0.090000 0.140000 0.060000
16
0.081000 0.054000 0.054000 0.014000 0.021000 0.014000 0.126000 0.009000 0.006000 0.189000 0.021000 0.081000 0.006000 0.126000 0.009000 0.189000
