20
1 500 500 500
0 0 0 500 500 500
200 1000 2 2
0 0 0 1 1 1
1 0 0 2 1 1
2 0 0 3 1 1
3 0 0 4 1 1
4 0 0 5 1 1
5 0 0 6 1 1
6 0 0 7 1 1
7 0 0 8 1 1
8 0 0 9 1 1
9 0 0 10 1 1
10 0 0 11 1 1
11 0 0 12 1 1
12 0 0 13 1 1
13 0 0 14 1 1
14 0 0 15 1 1
15 0 0 16 1 1
16 0 0 17 1 1
17 0 0 18 1 1
18 0 0 19 1 1
19 0 0 20 1 1
20 0 0 21 1 1
21 0 0 22 1 1
22 0 0 23 1 1
23 0 0 24 1 1
24 0 0 25 1 1
25 0 0 26 1 1
26 0 0 27 1 1
27 0 0 28 1 1
28 0 0 29 1 1
29 0 0 30 1 1
30 0 0 31 1 1
31 0 0 32 1 1
32 0 0 33 1 1
33 0 0 34 1 1
34 0 0 35 1 1
35 0 0 36 1 1
36 0 0 37 1 1
37 0 0 38 1 1
38 0 0 39 1 1
39 0 0 40 1 1
40 0 0 41 1 1
41 0 0 42 1 1
42 0 0 43 1 1
43 0 0 44 1 1
44 0 0 45 1 1
45 0 0 46 1 1
46 0 0 47 1 1
47 0 0 48 1 1
48 0 0 49 1 1
49 0 0 50 1 1
50 0 0 51 1 1
51 0 0 52 1 1
52 0 0 53 1 1
53 0 0 54 1 1
54 0 0 55 1 1
55 0 0 56 1 1
56 0 0 57 1 1
57 0 0 58 1 1
58 0 0 59 1 1
59 0 0 60 1 1
60 0 0 61 1 1
61 0 0 62 1 1
62 0 0 63 1 1
63 0 0 64 1 1
64 0 0 65 1 1
65 0 0 66 1 1
66 0 0 67 1 1
67 0 0 68 1 1
68 0 0 69 1 1
69 0 0 70 1 1
70 0 0 71 1 1
71 0 0 72 1 1
72 0 0 73 1 1
73 0 0 74 1 1
74 0 0 75 1 1
75 0 0 76 1 1
76 0 0 77 1 1
77 0 0 78 1 1
78 0 0 79 1 1
79 0 0 80 1 1
80 0 0 81 1 1
81 0 0 82 1 1
82 0 0 83 1 1
83 0 0 84 1 1
84 0 0 85 1 1
85 0 0 86 1 1
86 0 0 87 1 1
87 0 0 88 1 1
88 0 0 89 1 1
89 0 0 90 1 1
90 0 0 91 1 1
91 0 0 92 1 1
92 0 0 93 1 1
93 0 0 94 1 1
94 0 0 95 1 1
95 0 0 96 1 1
96 0 0 97 1 1
97 0 0 98 1 1
98 0 0 99 1 1
99 0 0 100 1 1
0 1 1 1 2 2
1 1 1 2 2 2
2 1 1 3 2 2
3 1 1 4 2 2
4 1 1 5 2 2
5 1 1 6 2 2
6 1 1 7 2 2
7 1 1 8 2 2
8 1 1 9 2 2
9 1 1 10 2 2
10 1 1 11 2 2
11 1 1 12 2 2
12 1 1 13 2 2
13 1 1 14 2 2
14 1 1 15 2 2
15 1 1 16 2 2
16 1 1 17 2 2
17 1 1 18 2 2
18 1 1 19 2 2
19 1 1 20 2 2
20 1 1 21 2 2
21 1 1 22 2 2
22 1 1 23 2 2
23 1 1 24 2 2
24 1 1 25 2 2
25 1 1 26 2 2
26 1 1 27 2 2
27 1 1 28 2 2
28 1 1 29 2 2
29 1 1 30 2 2
30 1 1 31 2 2
31 1 1 32 2 2
32 1 1 33 2 2
33 1 1 34 2 2
34 1 1 35 2 2
35 1 1 36 2 2
36 1 1 37 2 2
37 1 1 38 2 2
38 1 1 39 2 2
39 1 1 40 2 2
40 1 1 41 2 2
41 1 1 42 2 2
42 1 1 43 2 2
43 1 1 44 2 2
44 1 1 45 2 2
45 1 1 46 2 2
46 1 1 47 2 2
47 1 1 48 2 2
48 1 1 49 2 2
49 1 1 50 2 2
50 1 1 51 2 2
51 1 1 52 2 2
52 1 1 53 2 2
53 1 1 54 2 2
54 1 1 55 2 2
55 1 1 56 2 2
56 1 1 57 2 2
57 1 1 58 2 2
58 1 1 59 2 2
59 1 1 60 2 2
60 1 1 61 2 2
61 1 1 62 2 2
62 1 1 63 2 2
63 1 1 64 2 2
64 1 1 65 2 2
65 1 1 66 2 2
66 1 1 67 2 2
67 1 1 68 2 2
68 1 1 69 2 2
69 1 1 70 2 2
70 1 1 71 2 2
71 1 1 72 2 2
72 1 1 73 2 2
73 1 1 74 2 2
74 1 1 75 2 2
75 1 1 76 2 2
76 1 1 77 2 2
77 1 1 78 2 2
78 1 1 79 2 2
79 1 1 80 2 2
80 1 1 81 2 2
81 1 1 82 2 2
82 1 1 83 2 2
83 1 1 84 2 2
84 1 1 85 2 2
85 1 1 86 2 2
86 1 1 87 2 2
87 1 1 88 2 2
88 1 1 89 2 2
89 1 1 90 2 2
90 1 1 91 2 2
91 1 1 92 2 2
92 1 1 93 2 2
93 1 1 94 2 2
94 1 1 95 2 2
95 1 1 96 2 2
96 1 1 97 2 2
97 1 1 98 2 2
98 1 1 99 2 2
99 1 1 100 2 2
1000 500 500 500
0 0 0 1 1 1
1 1 1 2 2 2
2 2 2 3 3 3
3 3 3 4 4 4
4 4 4 5 5 5
5 5 5 6 6 6
6 6 6 7 7 7
7 7 7 8 8 8
8 8 8 9 9 9
9 9 9 10 10 10
10 10 10 11 11 11
11 11 11 12 12 12
12 12 12 13 13 13
13 13 13 14 14 14
14 14 14 15 15 15
15 15 15 16 16 16
16 16 16 17 17 17
17 17 17 18 18 18
18 18 18 19 19 19
19 19 19 20 20 20
20 20 20 21 21 21
21 21 21 22 22 22
22 22 22 23 23 23
23 23 23 24 24 24
24 24 24 25 25 25
25 25 25 26 26 26
26 26 26 27 27 27
27 27 27 28 28 28
28 28 28 29 29 29
29 29 29 30 30 30
30 30 30 31 31 31
31 31 31 32 32 32
32 32 32 33 33 33
33 33 33 34 34 34
34 34 34 35 35 35
35 35 35 36 36 36
36 36 36 37 37 37
37 37 37 38 38 38
38 38 38 39 39 39
39 39 39 40 40 40
40 40 40 41 41 41
41 41 41 42 42 42
42 42 42 43 43 43
43 43 43 44 44 44
44 44 44 45 45 45
45 45 45 46 46 46
46 46 46 47 47 47
47 47 47 48 48 48
48 48 48 49 49 49
49 49 49 50 50 50
50 50 50 51 51 51
51 51 51 52 52 52
52 52 52 53 53 53
53 53 53 54 54 54
54 54 54 55 55 55
55 55 55 56 56 56
56 56 56 57 57 57
57 57 57 58 58 58
58 58 58 59 59 59
59 59 59 60 60 60
60 60 60 61 61 61
61 61 61 62 62 62
62 62 62 63 63 63
63 63 63 64 64 64
64 64 64 65 65 65
65 65 65 66 66 66
66 66 66 67 67 67
67 67 67 68 68 68
68 68 68 69 69 69
69 69 69 70 70 70
70 70 70 71 71 71
71 71 71 72 72 72
72 72 72 73 73 73
73 73 73 74 74 74
74 74 74 75 75 75
75 75 75 76 76 76
76 76 76 77 77 77
77 77 77 78 78 78
78 78 78 79 79 79
79 79 79 80 80 80
80 80 80 81 81 81
81 81 81 82 82 82
82 82 82 83 83 83
83 83 83 84 84 84
84 84 84 85 85 85
85 85 85 86 86 86
86 86 86 87 87 87
87 87 87 88 88 88
88 88 88 89 89 89
89 89 89 90 90 90
90 90 90 91 91 91
91 91 91 92 92 92
92 92 92 93 93 93
93 93 93 94 94 94
94 94 94 95 95 95
95 95 95 96 96 96
96 96 96 97 97 97
97 97 97 98 98 98
98 98 98 99 99 99
99 99 99 100 100 100
100 100 100 101 101 101
101 101 101 102 102 102
102 102 102 103 103 103
103 103 103 104 104 104
104 104 104 105 105 105
105 105 105 106 106 106
106 106 106 107 107 107
107 107 107 108 108 108
108 108 108 109 109 109
109 109 109 110 110 110
110 110 110 111 111 111
111 111 111 112 112 112
112 112 112 113 113 113
113 113 113 114 114 114
114 114 114 115 115 115
115 115 115 116 116 116
116 116 116 117 117 117
117 117 117 118 118 118
118 118 118 119 119 119
119 119 119 120 120 120
120 120 120 121 121 121
121 121 121 122 122 122
122 122 122 123 123 123
123 123 123 124 124 124
124 124 124 125 125 125
125 125 125 126 126 126
126 126 126 127 127 127
127 127 127 128 128 128
128 128 128 129 129 129
129 129 129 130 130 130
130 130 130 131 131 131
131 131 131 132 132 132
132 132 132 133 133 133
133 133 133 134 134 134
134 134 134 135 135 135
135 135 135 136 136 136
136 136 136 137 137 137
137 137 137 138 138 138
138 138 138 139 139 139
139 139 139 140 140 140
140 140 140 141 141 141
141 141 141 142 142 142
142 142 142 143 143 143
143 143 143 144 144 144
144 144 144 145 145 145
145 145 145 146 146 146
146 146 146 147 147 147
147 147 147 148 148 148
148 148 148 149 149 149
149 149 149 150 150 150
150 150 150 151 151 151
151 151 151 152 152 152
152 152 152 153 153 153
153 153 153 154 154 154
154 154 154 155 155 155
155 155 155 156 156 156
156 156 156 157 157 157
157 157 157 158 158 158
158 158 158 159 159 159
159 159 159 160 160 160
160 160 160 161 161 161
161 161 161 162 162 162
162 162 162 163 163 163
163 163 163 164 164 164
164 164 164 165 165 165
165 165 165 166 166 166
166 166 166 167 167 167
167 167 167 168 168 168
168 168 168 169 169 169
169 169 169 170 170 170
170 170 170 171 171 171
171 171 171 172 172 172
172 172 172 173 173 173
173 173 173 174 174 174
174 174 174 175 175 175
175 175 175 176 176 176
176 176 176 177 177 177
177 177 177 178 178 178
178 178 178 179 179 179
179 179 179 180 180 180
180 180 180 181 181 181
181 181 181 182 182 182
182 182 182 183 183 183
183 183 183 184 184 184
184 184 184 185 185 185
185 185 185 186 186 186
186 186 186 187 187 187
187 187 187 188 188 188
188 188 188 189 189 189
189 189 189 190 190 190
190 190 190 191 191 191
191 191 191 192 192 192
192 192 192 193 193 193
193 193 193 194 194 194
194 194 194 195 195 195
195 195 195 196 196 196
196 196 196 197 197 197
197 197 197 198 198 198
198 198 198 199 199 199
199 199 199 200 200 200
200 200 200 201 201 201
201 201 201 202 202 202
202 202 202 203 203 203
203 203 203 204 204 204
204 204 204 205 205 205
205 205 205 206 206 206
206 206 206 207 207 207
207 207 207 208 208 208
208 208 208 209 209 209
209 209 209 210 210 210
210 210 210 211 211 211
211 211 211 212 212 212
212 212 212 213 213 213
213 213 213 214 214 214
214 214 214 215 215 215
215 215 215 216 216 216
216 216 216 217 217 217
217 217 217 218 218 218
218 218 218 219 219 219
219 219 219 220 220 220
220 220 220 221 221 221
221 221 221 222 222 222
222 222 222 223 223 223
223 223 223 224 224 224
224 224 224 225 225 225
225 225 225 226 226 226
226 226 226 227 227 227
227 227 227 228 228 228
228 228 228 229 229 229
229 229 229 230 230 230
230 230 230 231 231 231
231 231 231 232 232 232
232 232 232 233 233 233
233 233 233 234 234 234
234 234 234 235 235 235
235 235 235 236 236 236
236 236 236 237 237 237
237 237 237 238 238 238
238 238 238 239 239 239
239 239 239 240 240 240
240 240 240 241 241 241
241 241 241 242 242 242
242 242 242 243 243 243
243 243 243 244 244 244
244 244 244 245 245 245
245 245 245 246 246 246
246 246 246 247 247 247
247 247 247 248 248 248
248 248 248 249 249 249
249 249 249 250 250 250
250 250 250 251 251 251
251 251 251 252 252 252
252 252 252 253 253 253
253 253 253 254 254 254
254 254 254 255 255 255
255 255 255 256 256 256
256 256 256 257 257 257
257 257 257 258 258 258
258 258 258 259 259 259
259 259 259 260 260 260
260 260 260 261 261 261
261 261 261 262 262 262
262 262 262 263 263 263
263 263 263 264 264 264
264 264 264 265 265 265
265 265 265 266 266 266
266 266 266 267 267 267
267 267 267 268 268 268
268 268 268 269 269 269
269 269 269 270 270 270
270 270 270 271 271 271
271 271 271 272 272 272
272 272 272 273 273 273
273 273 273 274 274 274
274 274 274 275 275 275
275 275 275 276 276 276
276 276 276 277 277 277
277 277 277 278 278 278
278 278 278 279 279 279
279 279 279 280 280 280
280 280 280 281 281 281
281 281 281 282 282 282
282 282 282 283 283 283
283 283 283 284 284 284
284 284 284 285 285 285
285 285 285 286 286 286
286 286 286 287 287 287
287 287 287 288 288 288
288 288 288 289 289 289
289 289 289 290 290 290
290 290 290 291 291 291
291 291 291 292 292 292
292 292 292 293 293 293
293 293 293 294 294 294
294 294 294 295 295 295
295 295 295 296 296 296
296 296 296 297 297 297
297 297 297 298 298 298
298 298 298 299 299 299
299 299 299 300 300 300
300 300 300 301 301 301
301 301 301 302 302 302
302 302 302 303 303 303
303 303 303 304 304 304
304 304 304 305 305 305
305 305 305 306 306 306
306 306 306 307 307 307
307 307 307 308 308 308
308 308 308 309 309 309
309 309 309 310 310 310
310 310 310 311 311 311
311 311 311 312 312 312
312 312 312 313 313 313
313 313 313 314 314 314
314 314 314 315 315 315
315 315 315 316 316 316
316 316 316 317 317 317
317 317 317 318 318 318
318 318 318 319 319 319
319 319 319 320 320 320
320 320 320 321 321 321
321 321 321 322 322 322
322 322 322 323 323 323
323 323 323 324 324 324
324 324 324 325 325 325
325 325 325 326 326 326
326 326 326 327 327 327
327 327 327 328 328 328
328 328 328 329 329 329
329 329 329 330 330 330
330 330 330 331 331 331
331 331 331 332 332 332
332 332 332 333 333 333
333 333 333 334 334 334
334 334 334 335 335 335
335 335 335 336 336 336
336 336 336 337 337 337
337 337 337 338 338 338
338 338 338 339 339 339
339 339 339 340 340 340
340 340 340 341 341 341
341 341 341 342 342 342
342 342 342 343 343 343
343 343 343 344 344 344
344 344 344 345 345 345
345 345 345 346 346 346
346 346 346 347 347 347
347 347 347 348 348 348
348 348 348 349 349 349
349 349 349 350 350 350
350 350 350 351 351 351
351 351 351 352 352 352
352 352 352 353 353 353
353 353 353 354 354 354
354 354 354 355 355 355
355 355 355 356 356 356
356 356 356 357 357 357
357 357 357 358 358 358
358 358 358 359 359 359
359 359 359 360 360 360
360 360 360 361 361 361
361 361 361 362 362 362
362 362 362 363 363 363
363 363 363 364 364 364
364 364 364 365 365 365
365 365 365 366 366 366
366 366 366 367 367 367
367 367 367 368 368 368
368 368 368 369 369 369
369 369 369 370 370 370
370 370 370 371 371 371
371 371 371 372 372 372
372 372 372 373 373 373
373 373 373 374 374 374
374 374 374 375 375 375
375 375 375 376 376 376
376 376 376 377 377 377
377 377 377 378 378 378
378 378 378 379 379 379
379 379 379 380 380 380
380 380 380 381 381 381
381 381 381 382 382 382
382 382 382 383 383 383
383 383 383 384 384 384
384 384 384 385 385 385
385 385 385 386 386 386
386 386 386 387 387 387
387 387 387 388 388 388
388 388 388 389 389 389
389 389 389 390 390 390
390 390 390 391 391 391
391 391 391 392 392 392
392 392 392 393 393 393
393 393 393 394 394 394
394 394 394 395 395 395
395 395 395 396 396 396
396 396 396 397 397 397
397 397 397 398 398 398
398 398 398 399 399 399
399 399 399 400 400 400
400 400 400 401 401 401
401 401 401 402 402 402
402 402 402 403 403 403
403 403 403 404 404 404
404 404 404 405 405 405
405 405 405 406 406 406
406 406 406 407 407 407
407 407 407 408 408 408
408 408 408 409 409 409
409 409 409 410 410 410
410 410 410 411 411 411
411 411 411 412 412 412
412 412 412 413 413 413
413 413 413 414 414 414
414 414 414 415 415 415
415 415 415 416 416 416
416 416 416 417 417 417
417 417 417 418 418 418
418 418 418 419 419 419
419 419 419 420 420 420
420 420 420 421 421 421
421 421 421 422 422 422
422 422 422 423 423 423
423 423 423 424 424 424
424 424 424 425 425 425
425 425 425 426 426 426
426 426 426 427 427 427
427 427 427 428 428 428
428 428 428 429 429 429
429 429 429 430 430 430
430 430 430 431 431 431
431 431 431 432 432 432
432 432 432 433 433 433
433 433 433 434 434 434
434 434 434 435 435 435
435 435 435 436 436 436
436 436 436 437 437 437
437 437 437 438 438 438
438 438 438 439 439 439
439 439 439 440 440 440
440 440 440 441 441 441
441 441 441 442 442 442
442 442 442 443 443 443
443 443 443 444 444 444
444 444 444 445 445 445
445 445 445 446 446 446
446 446 446 447 447 447
447 447 447 448 448 448
448 448 448 449 449 449
449 449 449 450 450 450
450 450 450 451 451 451
451 451 451 452 452 452
452 452 452 453 453 453
453 453 453 454 454 454
454 454 454 455 455 455
455 455 455 456 456 456
456 456 456 457 457 457
457 457 457 458 458 458
458 458 458 459 459 459
459 459 459 460 460 460
460 460 460 461 461 461
461 461 461 462 462 462
462 462 462 463 463 463
463 463 463 464 464 464
464 464 464 465 465 465
465 465 465 466 466 466
466 466 466 467 467 467
467 467 467 468 468 468
468 468 468 469 469 469
469 469 469 470 470 470
470 470 470 471 471 471
471 471 471 472 472 472
472 472 472 473 473 473
473 473 473 474 474 474
474 474 474 475 475 475
475 475 475 476 476 476
476 476 476 477 477 477
477 477 477 478 478 478
478 478 478 479 479 479
479 479 479 480 480 480
480 480 480 481 481 481
481 481 481 482 482 482
482 482 482 483 483 483
483 483 483 484 484 484
484 484 484 485 485 485
485 485 485 486 486 486
486 486 486 487 487 487
487 487 487 488 488 488
488 488 488 489 489 489
489 489 489 490 490 490
490 490 490 491 491 491
491 491 491 492 492 492
492 492 492 493 493 493
493 493 493 494 494 494
494 494 494 495 495 495
495 495 495 496 496 496
496 496 496 497 497 497
497 497 497 498 498 498
498 498 498 499 499 499
499 499 499 500 500 500
0 0 1 1 1 2
1 1 2 2 2 3
2 2 3 3 3 4
3 3 4 4 4 5
4 4 5 5 5 6
5 5 6 6 6 7
6 6 7 7 7 8
7 7 8 8 8 9
8 8 9 9 9 10
9 9 10 10 10 11
10 10 11 11 11 12
11 11 12 12 12 13
12 12 13 13 13 14
13 13 14 14 14 15
14 14 15 15 15 16
15 15 16 16 16 17
16 16 17 17 17 18
17 17 18 18 18 19
18 18 19 19 19 20
19 19 20 20 20 21
20 20 21 21 21 22
21 21 22 22 22 23
22 22 23 23 23 24
23 23 24 24 24 25
24 24 25 25 25 26
25 25 26 26 26 27
26 26 27 27 27 28
27 27 28 28 28 29
28 28 29 29 29 30
29 29 30 30 30 31
30 30 31 31 31 32
31 31 32 32 32 33
32 32 33 33 33 34
33 33 34 34 34 35
34 34 35 35 35 36
35 35 36 36 36 37
36 36 37 37 37 38
37 37 38 38 38 39
38 38 39 39 39 40
39 39 40 40 40 41
40 40 41 41 41 42
41 41 42 42 42 43
42 42 43 43 43 44
43 43 44 44 44 45
44 44 45 45 45 46
45 45 46 46 46 47
46 46 47 47 47 48
47 47 48 48 48 49
48 48 49 49 49 50
49 49 50 50 50 51
50 50 51 51 51 52
51 51 52 52 52 53
52 52 53 53 53 54
53 53 54 54 54 55
54 54 55 55 55 56
55 55 56 56 56 57
56 56 57 57 57 58
57 57 58 58 58 59
58 58 59 59 59 60
59 59 60 60 60 61
60 60 61 61 61 62
61 61 62 62 62 63
62 62 63 63 63 64
63 63 64 64 64 65
64 64 65 65 65 66
65 65 66 66 66 67
66 66 67 67 67 68
67 67 68 68 68 69
68 68 69 69 69 70
69 69 70 70 70 71
70 70 71 71 71 72
71 71 72 72 72 73
72 72 73 73 73 74
73 73 74 74 74 75
74 74 75 75 75 76
75 75 76 76 76 77
76 76 77 77 77 78
77 77 78 78 78 79
78 78 79 79 79 80
79 79 80 80 80 81
80 80 81 81 81 82
81 81 82 82 82 83
82 82 83 83 83 84
83 83 84 84 84 85
84 84 85 85 85 86
85 85 86 86 86 87
86 86 87 87 87 88
87 87 88 88 88 89
88 88 89 89 89 90
89 89 90 90 90 91
90 90 91 91 91 92
91 91 92 92 92 93
92 92 93 93 93 94
93 93 94 94 94 95
94 94 95 95 95 96
95 95 96 96 96 97
96 96 97 97 97 98
97 97 98 98 98 99
98 98 99 99 99 100
99 99 100 100 100 101
100 100 101 101 101 102
101 101 102 102 102 103
102 102 103 103 103 104
103 103 104 104 104 105
104 104 105 105 105 106
105 105 106 106 106 107
106 106 107 107 107 108
107 107 108 108 108 109
108 108 109 109 109 110
109 109 110 110 110 111
110 110 111 111 111 112
111 111 112 112 112 113
112 112 113 113 113 114
113 113 114 114 114 115
114 114 115 115 115 116
115 115 116 116 116 117
116 116 117 117 117 118
117 117 118 118 118 119
118 118 119 119 119 120
119 119 120 120 120 121
120 120 121 121 121 122
121 121 122 122 122 123
122 122 123 123 123 124
123 123 124 124 124 125
124 124 125 125 125 126
125 125 126 126 126 127
126 126 127 127 127 128
127 127 128 128 128 129
128 128 129 129 129 130
129 129 130 130 130 131
130 130 131 131 131 132
131 131 132 132 132 133
132 132 133 133 133 134
133 133 134 134 134 135
134 134 135 135 135 136
135 135 136 136 136 137
136 136 137 137 137 138
137 137 138 138 138 139
138 138 139 139 139 140
139 139 140 140 140 141
140 140 141 141 141 142
141 141 142 142 142 143
142 142 143 143 143 144
143 143 144 144 144 145
144 144 145 145 145 146
145 145 146 146 146 147
146 146 147 147 147 148
147 147 148 148 148 149
148 148 149 149 149 150
149 149 150 150 150 151
150 150 151 151 151 152
151 151 152 152 152 153
152 152 153 153 153 154
153 153 154 154 154 155
154 154 155 155 155 156
155 155 156 156 156 157
156 156 157 157 157 158
157 157 158 158 158 159
158 158 159 159 159 160
159 159 160 160 160 161
160 160 161 161 161 162
161 161 162 162 162 163
162 162 163 163 163 164
163 163 164 164 164 165
164 164 165 165 165 166
165 165 166 166 166 167
166 166 167 167 167 168
167 167 168 168 168 169
168 168 169 169 169 170
169 169 170 170 170 171
170 170 171 171 171 172
171 171 172 172 172 173
172 172 173 173 173 174
173 173 174 174 174 175
174 174 175 175 175 176
175 175 176 176 176 177
176 176 177 177 177 178
177 177 178 178 178 179
178 178 179 179 179 180
179 179 180 180 180 181
180 180 181 181 181 182
181 181 182 182 182 183
182 182 183 183 183 184
183 183 184 184 184 185
184 184 185 185 185 186
185 185 186 186 186 187
186 186 187 187 187 188
187 187 188 188 188 189
188 188 189 189 189 190
189 189 190 190 190 191
190 190 191 191 191 192
191 191 192 192 192 193
192 192 193 193 193 194
193 193 194 194 194 195
194 194 195 195 195 196
195 195 196 196 196 197
196 196 197 197 197 198
197 197 198 198 198 199
198 198 199 199 199 200
199 199 200 200 200 201
200 200 201 201 201 202
201 201 202 202 202 203
202 202 203 203 203 204
203 203 204 204 204 205
204 204 205 205 205 206
205 205 206 206 206 207
206 206 207 207 207 208
207 207 208 208 208 209
208 208 209 209 209 210
209 209 210 210 210 211
210 210 211 211 211 212
211 211 212 212 212 213
212 212 213 213 213 214
213 213 214 214 214 215
214 214 215 215 215 216
215 215 216 216 216 217
216 216 217 217 217 218
217 217 218 218 218 219
218 218 219 219 219 220
219 219 220 220 220 221
220 220 221 221 221 222
221 221 222 222 222 223
222 222 223 223 223 224
223 223 224 224 224 225
224 224 225 225 225 226
225 225 226 226 226 227
226 226 227 227 227 228
227 227 228 228 228 229
228 228 229 229 229 230
229 229 230 230 230 231
230 230 231 231 231 232
231 231 232 232 232 233
232 232 233 233 233 234
233 233 234 234 234 235
234 234 235 235 235 236
235 235 236 236 236 237
236 236 237 237 237 238
237 237 238 238 238 239
238 238 239 239 239 240
239 239 240 240 240 241
240 240 241 241 241 242
241 241 242 242 242 243
242 242 243 243 243 244
243 243 244 244 244 245
244 244 245 245 245 246
245 245 246 246 246 247
246 246 247 247 247 248
247 247 248 248 248 249
248 248 249 249 249 250
249 249 250 250 250 251
250 250 251 251 251 252
251 251 252 252 252 253
252 252 253 253 253 254
253 253 254 254 254 255
254 254 255 255 255 256
255 255 256 256 256 257
256 256 257 257 257 258
257 257 258 258 258 259
258 258 259 259 259 260
259 259 260 260 260 261
260 260 261 261 261 262
261 261 262 262 262 263
262 262 263 263 263 264
263 263 264 264 264 265
264 264 265 265 265 266
265 265 266 266 266 267
266 266 267 267 267 268
267 267 268 268 268 269
268 268 269 269 269 270
269 269 270 270 270 271
270 270 271 271 271 272
271 271 272 272 272 273
272 272 273 273 273 274
273 273 274 274 274 275
274 274 275 275 275 276
275 275 276 276 276 277
276 276 277 277 277 278
277 277 278 278 278 279
278 278 279 279 279 280
279 279 280 280 280 281
280 280 281 281 281 282
281 281 282 282 282 283
282 282 283 283 283 284
283 283 284 284 284 285
284 284 285 285 285 286
285 285 286 286 286 287
286 286 287 287 287 288
287 287 288 288 288 289
288 288 289 289 289 290
289 289 290 290 290 291
290 290 291 291 291 292
291 291 292 292 292 293
292 292 293 293 293 294
293 293 294 294 294 295
294 294 295 295 295 296
295 295 296 296 296 297
296 296 297 297 297 298
297 297 298 298 298 299
298 298 299 299 299 300
299 299 300 300 300 301
300 300 301 301 301 302
301 301 302 302 302 303
302 302 303 303 303 304
303 303 304 304 304 305
304 304 305 305 305 306
305 305 306 306 306 307
306 306 307 307 307 308
307 307 308 308 308 309
308 308 309 309 309 310
309 309 310 310 310 311
310 310 311 311 311 312
311 311 312 312 312 313
312 312 313 313 313 314
313 313 314 314 314 315
314 314 315 315 315 316
315 315 316 316 316 317
316 316 317 317 317 318
317 317 318 318 318 319
318 318 319 319 319 320
319 319 320 320 320 321
320 320 321 321 321 322
321 321 322 322 322 323
322 322 323 323 323 324
323 323 324 324 324 325
324 324 325 325 325 326
325 325 326 326 326 327
326 326 327 327 327 328
327 327 328 328 328 329
328 328 329 329 329 330
329 329 330 330 330 331
330 330 331 331 331 332
331 331 332 332 332 333
332 332 333 333 333 334
333 333 334 334 334 335
334 334 335 335 335 336
335 335 336 336 336 337
336 336 337 337 337 338
337 337 338 338 338 339
338 338 339 339 339 340
339 339 340 340 340 341
340 340 341 341 341 342
341 341 342 342 342 343
342 342 343 343 343 344
343 343 344 344 344 345
344 344 345 345 345 346
345 345 346 346 346 347
346 346 347 347 347 348
347 347 348 348 348 349
348 348 349 349 349 350
349 349 350 350 350 351
350 350 351 351 351 352
351 351 352 352 352 353
352 352 353 353 353 354
353 353 354 354 354 355
354 354 355 355 355 356
355 355 356 356 356 357
356 356 357 357 357 358
357 357 358 358 358 359
358 358 359 359 359 360
359 359 360 360 360 361
360 360 361 361 361 362
361 361 362 362 362 363
362 362 363 363 363 364
363 363 364 364 364 365
364 364 365 365 365 366
365 365 366 366 366 367
366 366 367 367 367 368
367 367 368 368 368 369
368 368 369 369 369 370
369 369 370 370 370 371
370 370 371 371 371 372
371 371 372 372 372 373
372 372 373 373 373 374
373 373 374 374 374 375
374 374 375 375 375 376
375 375 376 376 376 377
376 376 377 377 377 378
377 377 378 378 378 379
378 378 379 379 379 380
379 379 380 380 380 381
380 380 381 381 381 382
381 381 382 382 382 383
382 382 383 383 383 384
383 383 384 384 384 385
384 384 385 385 385 386
385 385 386 386 386 387
386 386 387 387 387 388
387 387 388 388 388 389
388 388 389 389 389 390
389 389 390 390 390 391
390 390 391 391 391 392
391 391 392 392 392 393
392 392 393 393 393 394
393 393 394 394 394 395
394 394 395 395 395 396
395 395 396 396 396 397
396 396 397 397 397 398
397 397 398 398 398 399
398 398 399 399 399 400
399 399 400 400 400 401
400 400 401 401 401 402
401 401 402 402 402 403
402 402 403 403 403 404
403 403 404 404 404 405
404 404 405 405 405 406
405 405 406 406 406 407
406 406 407 407 407 408
407 407 408 408 408 409
408 408 409 409 409 410
409 409 410 410 410 411
410 410 411 411 411 412
411 411 412 412 412 413
412 412 413 413 413 414
413 413 414 414 414 415
414 414 415 415 415 416
415 415 416 416 416 417
416 416 417 417 417 418
417 417 418 418 418 419
418 418 419 419 419 420
419 419 420 420 420 421
420 420 421 421 421 422
421 421 422 422 422 423
422 422 423 423 423 424
423 423 424 424 424 425
424 424 425 425 425 426
425 425 426 426 426 427
426 426 427 427 427 428
427 427 428 428 428 429
428 428 429 429 429 430
429 429 430 430 430 431
430 430 431 431 431 432
431 431 432 432 432 433
432 432 433 433 433 434
433 433 434 434 434 435
434 434 435 435 435 436
435 435 436 436 436 437
436 436 437 437 437 438
437 437 438 438 438 439
438 438 439 439 439 440
439 439 440 440 440 441
440 440 441 441 441 442
441 441 442 442 442 443
442 442 443 443 443 444
443 443 444 444 444 445
444 444 445 445 445 446
445 445 446 446 446 447
446 446 447 447 447 448
447 447 448 448 448 449
448 448 449 449 449 450
449 449 450 450 450 451
450 450 451 451 451 452
451 451 452 452 452 453
452 452 453 453 453 454
453 453 454 454 454 455
454 454 455 455 455 456
455 455 456 456 456 457
456 456 457 457 457 458
457 457 458 458 458 459
458 458 459 459 459 460
459 459 460 460 460 461
460 460 461 461 461 462
461 461 462 462 462 463
462 462 463 463 463 464
463 463 464 464 464 465
464 464 465 465 465 466
465 465 466 466 466 467
466 466 467 467 467 468
467 467 468 468 468 469
468 468 469 469 469 470
469 469 470 470 470 471
470 470 471 471 471 472
471 471 472 472 472 473
472 472 473 473 473 474
473 473 474 474 474 475
474 474 475 475 475 476
475 475 476 476 476 477
476 476 477 477 477 478
477 477 478 478 478 479
478 478 479 479 479 480
479 479 480 480 480 481
480 480 481 481 481 482
481 481 482 482 482 483
482 482 483 483 483 484
483 483 484 484 484 485
484 484 485 485 485 486
485 485 486 486 486 487
486 486 487 487 487 488
487 487 488 488 488 489
488 488 489 489 489 490
489 489 490 490 490 491
490 490 491 491 491 492
491 491 492 492 492 493
492 492 493 493 493 494
493 493 494 494 494 495
494 494 495 495 495 496
495 495 496 496 496 497
496 496 497 497 497 498
497 497 498 498 498 499
498 498 499 499 499 500
100 100 277 101 101 278
1000 600 600 600
0 0 0 1 1 1
1 1 1 2 2 2
2 2 2 3 3 3
3 3 3 4 4 4
4 4 4 5 5 5
5 5 5 6 6 6
6 6 6 7 7 7
7 7 7 8 8 8
8 8 8 9 9 9
9 9 9 10 10 10
10 10 10 11 11 11
11 11 11 12 12 12
12 12 12 13 13 13
13 13 13 14 14 14
14 14 14 15 15 15
15 15 15 16 16 16
16 16 16 17 17 17
17 17 17 18 18 18
18 18 18 19 19 19
19 19 19 20 20 20
20 20 20 21 21 21
21 21 21 22 22 22
22 22 22 23 23 23
23 23 23 24 24 24
24 24 24 25 25 25
25 25 25 26 26 26
26 26 26 27 27 27
27 27 27 28 28 28
28 28 28 29 29 29
29 29 29 30 30 30
30 30 30 31 31 31
31 31 31 32 32 32
32 32 32 33 33 33
33 33 33 34 34 34
34 34 34 35 35 35
35 35 35 36 36 36
36 36 36 37 37 37
37 37 37 38 38 38
38 38 38 39 39 39
39 39 39 40 40 40
40 40 40 41 41 41
41 41 41 42 42 42
42 42 42 43 43 43
43 43 43 44 44 44
44 44 44 45 45 45
45 45 45 46 46 46
46 46 46 47 47 47
47 47 47 48 48 48
48 48 48 49 49 49
49 49 49 50 50 50
50 50 50 51 51 51
51 51 51 52 52 52
52 52 52 53 53 53
53 53 53 54 54 54
54 54 54 55 55 55
55 55 55 56 56 56
56 56 56 57 57 57
57 57 57 58 58 58
58 58 58 59 59 59
59 59 59 60 60 60
60 60 60 61 61 61
61 61 61 62 62 62
62 62 62 63 63 63
63 63 63 64 64 64
64 64 64 65 65 65
65 65 65 66 66 66
66 66 66 67 67 67
67 67 67 68 68 68
68 68 68 69 69 69
69 69 69 70 70 70
70 70 70 71 71 71
71 71 71 72 72 72
72 72 72 73 73 73
73 73 73 74 74 74
74 74 74 75 75 75
75 75 75 76 76 76
76 76 76 77 77 77
77 77 77 78 78 78
78 78 78 79 79 79
79 79 79 80 80 80
80 80 80 81 81 81
81 81 81 82 82 82
82 82 82 83 83 83
83 83 83 84 84 84
84 84 84 85 85 85
85 85 85 86 86 86
86 86 86 87 87 87
87 87 87 88 88 88
88 88 88 89 89 89
89 89 89 90 90 90
90 90 90 91 91 91
91 91 91 92 92 92
92 92 92 93 93 93
93 93 93 94 94 94
94 94 94 95 95 95
95 95 95 96 96 96
96 96 96 97 97 97
97 97 97 98 98 98
98 98 98 99 99 99
99 99 99 100 100 100
100 100 100 101 101 101
101 101 101 102 102 102
102 102 102 103 103 103
103 103 103 104 104 104
104 104 104 105 105 105
105 105 105 106 106 106
106 106 106 107 107 107
107 107 107 108 108 108
108 108 108 109 109 109
109 109 109 110 110 110
110 110 110 111 111 111
111 111 111 112 112 112
112 112 112 113 113 113
113 113 113 114 114 114
114 114 114 115 115 115
115 115 115 116 116 116
116 116 116 117 117 117
117 117 117 118 118 118
118 118 118 119 119 119
119 119 119 120 120 120
120 120 120 121 121 121
121 121 121 122 122 122
122 122 122 123 123 123
123 123 123 124 124 124
124 124 124 125 125 125
125 125 125 126 126 126
126 126 126 127 127 127
127 127 127 128 128 128
128 128 128 129 129 129
129 129 129 130 130 130
130 130 130 131 131 131
131 131 131 132 132 132
132 132 132 133 133 133
133 133 133 134 134 134
134 134 134 135 135 135
135 135 135 136 136 136
136 136 136 137 137 137
137 137 137 138 138 138
138 138 138 139 139 139
139 139 139 140 140 140
140 140 140 141 141 141
141 141 141 142 142 142
142 142 142 143 143 143
143 143 143 144 144 144
144 144 144 145 145 145
145 145 145 146 146 146
146 146 146 147 147 147
147 147 147 148 148 148
148 148 148 149 149 149
149 149 149 150 150 150
150 150 150 151 151 151
151 151 151 152 152 152
152 152 152 153 153 153
153 153 153 154 154 154
154 154 154 155 155 155
155 155 155 156 156 156
156 156 156 157 157 157
157 157 157 158 158 158
158 158 158 159 159 159
159 159 159 160 160 160
160 160 160 161 161 161
161 161 161 162 162 162
162 162 162 163 163 163
163 163 163 164 164 164
164 164 164 165 165 165
165 165 165 166 166 166
166 166 166 167 167 167
167 167 167 168 168 168
168 168 168 169 169 169
169 169 169 170 170 170
170 170 170 171 171 171
171 171 171 172 172 172
172 172 172 173 173 173
173 173 173 174 174 174
174 174 174 175 175 175
175 175 175 176 176 176
176 176 176 177 177 177
177 177 177 178 178 178
178 178 178 179 179 179
179 179 179 180 180 180
180 180 180 181 181 181
181 181 181 182 182 182
182 182 182 183 183 183
183 183 183 184 184 184
184 184 184 185 185 185
185 185 185 186 186 186
186 186 186 187 187 187
187 187 187 188 188 188
188 188 188 189 189 189
189 189 189 190 190 190
190 190 190 191 191 191
191 191 191 192 192 192
192 192 192 193 193 193
193 193 193 194 194 194
194 194 194 195 195 195
195 195 195 196 196 196
196 196 196 197 197 197
197 197 197 198 198 198
198 198 198 199 199 199
199 199 199 200 200 200
200 200 200 201 201 201
201 201 201 202 202 202
202 202 202 203 203 203
203 203 203 204 204 204
204 204 204 205 205 205
205 205 205 206 206 206
206 206 206 207 207 207
207 207 207 208 208 208
208 208 208 209 209 209
209 209 209 210 210 210
210 210 210 211 211 211
211 211 211 212 212 212
212 212 212 213 213 213
213 213 213 214 214 214
214 214 214 215 215 215
215 215 215 216 216 216
216 216 216 217 217 217
217 217 217 218 218 218
218 218 218 219 219 219
219 219 219 220 220 220
220 220 220 221 221 221
221 221 221 222 222 222
222 222 222 223 223 223
223 223 223 224 224 224
224 224 224 225 225 225
225 225 225 226 226 226
226 226 226 227 227 227
227 227 227 228 228 228
228 228 228 229 229 229
229 229 229 230 230 230
230 230 230 231 231 231
231 231 231 232 232 232
232 232 232 233 233 233
233 233 233 234 234 234
234 234 234 235 235 235
235 235 235 236 236 236
236 236 236 237 237 237
237 237 237 238 238 238
238 238 238 239 239 239
239 239 239 240 240 240
240 240 240 241 241 241
241 241 241 242 242 242
242 242 242 243 243 243
243 243 243 244 244 244
244 244 244 245 245 245
245 245 245 246 246 246
246 246 246 247 247 247
247 247 247 248 248 248
248 248 248 249 249 249
249 249 249 250 250 250
250 250 250 251 251 251
251 251 251 252 252 252
252 252 252 253 253 253
253 253 253 254 254 254
254 254 254 255 255 255
255 255 255 256 256 256
256 256 256 257 257 257
257 257 257 258 258 258
258 258 258 259 259 259
259 259 259 260 260 260
260 260 260 261 261 261
261 261 261 262 262 262
262 262 262 263 263 263
263 263 263 264 264 264
264 264 264 265 265 265
265 265 265 266 266 266
266 266 266 267 267 267
267 267 267 268 268 268
268 268 268 269 269 269
269 269 269 270 270 270
270 270 270 271 271 271
271 271 271 272 272 272
272 272 272 273 273 273
273 273 273 274 274 274
274 274 274 275 275 275
275 275 275 276 276 276
276 276 276 277 277 277
277 277 277 278 278 278
278 278 278 279 279 279
279 279 279 280 280 280
280 280 280 281 281 281
281 281 281 282 282 282
282 282 282 283 283 283
283 283 283 284 284 284
284 284 284 285 285 285
285 285 285 286 286 286
286 286 286 287 287 287
287 287 287 288 288 288
288 288 288 289 289 289
289 289 289 290 290 290
290 290 290 291 291 291
291 291 291 292 292 292
292 292 292 293 293 293
293 293 293 294 294 294
294 294 294 295 295 295
295 295 295 296 296 296
296 296 296 297 297 297
297 297 297 298 298 298
298 298 298 299 299 299
299 299 299 300 300 300
300 300 300 301 301 301
301 301 301 302 302 302
302 302 302 303 303 303
303 303 303 304 304 304
304 304 304 305 305 305
305 305 305 306 306 306
306 306 306 307 307 307
307 307 307 308 308 308
308 308 308 309 309 309
309 309 309 310 310 310
310 310 310 311 311 311
311 311 311 312 312 312
312 312 312 313 313 313
313 313 313 314 314 314
314 314 314 315 315 315
315 315 315 316 316 316
316 316 316 317 317 317
317 317 317 318 318 318
318 318 318 319 319 319
319 319 319 320 320 320
320 320 320 321 321 321
321 321 321 322 322 322
322 322 322 323 323 323
323 323 323 324 324 324
324 324 324 325 325 325
325 325 325 326 326 326
326 326 326 327 327 327
327 327 327 328 328 328
328 328 328 329 329 329
329 329 329 330 330 330
330 330 330 331 331 331
331 331 331 332 332 332
332 332 332 333 333 333
333 333 333 334 334 334
334 334 334 335 335 335
335 335 335 336 336 336
336 336 336 337 337 337
337 337 337 338 338 338
338 338 338 339 339 339
339 339 339 340 340 340
340 340 340 341 341 341
341 341 341 342 342 342
342 342 342 343 343 343
343 343 343 344 344 344
344 344 344 345 345 345
345 345 345 346 346 346
346 346 346 347 347 347
347 347 347 348 348 348
348 348 348 349 349 349
349 349 349 350 350 350
350 350 350 351 351 351
351 351 351 352 352 352
352 352 352 353 353 353
353 353 353 354 354 354
354 354 354 355 355 355
355 355 355 356 356 356
356 356 356 357 357 357
357 357 357 358 358 358
358 358 358 359 359 359
359 359 359 360 360 360
360 360 360 361 361 361
361 361 361 362 362 362
362 362 362 363 363 363
363 363 363 364 364 364
364 364 364 365 365 365
365 365 365 366 366 366
366 366 366 367 367 367
367 367 367 368 368 368
368 368 368 369 369 369
369 369 369 370 370 370
370 370 370 371 371 371
371 371 371 372 372 372
372 372 372 373 373 373
373 373 373 374 374 374
374 374 374 375 375 375
375 375 375 376 376 376
376 376 376 377 377 377
377 377 377 378 378 378
378 378 378 379 379 379
379 379 379 380 380 380
380 380 380 381 381 381
381 381 381 382 382 382
382 382 382 383 383 383
383 383 383 384 384 384
384 384 384 385 385 385
385 385 385 386 386 386
386 386 386 387 387 387
387 387 387 388 388 388
388 388 388 389 389 389
389 389 389 390 390 390
390 390 390 391 391 391
391 391 391 392 392 392
392 392 392 393 393 393
393 393 393 394 394 394
394 394 394 395 395 395
395 395 395 396 396 396
396 396 396 397 397 397
397 397 397 398 398 398
398 398 398 399 399 399
399 399 399 400 400 400
400 400 400 401 401 401
401 401 401 402 402 402
402 402 402 403 403 403
403 403 403 404 404 404
404 404 404 405 405 405
405 405 405 406 406 406
406 406 406 407 407 407
407 407 407 408 408 408
408 408 408 409 409 409
409 409 409 410 410 410
410 410 410 411 411 411
411 411 411 412 412 412
412 412 412 413 413 413
413 413 413 414 414 414
414 414 414 415 415 415
415 415 415 416 416 416
416 416 416 417 417 417
417 417 417 418 418 418
418 418 418 419 419 419
419 419 419 420 420 420
420 420 420 421 421 421
421 421 421 422 422 422
422 422 422 423 423 423
423 423 423 424 424 424
424 424 424 425 425 425
425 425 425 426 426 426
426 426 426 427 427 427
427 427 427 428 428 428
428 428 428 429 429 429
429 429 429 430 430 430
430 430 430 431 431 431
431 431 431 432 432 432
432 432 432 433 433 433
433 433 433 434 434 434
434 434 434 435 435 435
435 435 435 436 436 436
436 436 436 437 437 437
437 437 437 438 438 438
438 438 438 439 439 439
439 439 439 440 440 440
440 440 440 441 441 441
441 441 441 442 442 442
442 442 442 443 443 443
443 443 443 444 444 444
444 444 444 445 445 445
445 445 445 446 446 446
446 446 446 447 447 447
447 447 447 448 448 448
448 448 448 449 449 449
449 449 449 450 450 450
450 450 450 451 451 451
451 451 451 452 452 452
452 452 452 453 453 453
453 453 453 454 454 454
454 454 454 455 455 455
455 455 455 456 456 456
456 456 456 457 457 457
457 457 457 458 458 458
458 458 458 459 459 459
459 459 459 460 460 460
460 460 460 461 461 461
461 461 461 462 462 462
462 462 462 463 463 463
463 463 463 464 464 464
464 464 464 465 465 465
465 465 465 466 466 466
466 466 466 467 467 467
467 467 467 468 468 468
468 468 468 469 469 469
469 469 469 470 470 470
470 470 470 471 471 471
471 471 471 472 472 472
472 472 472 473 473 473
473 473 473 474 474 474
474 474 474 475 475 475
475 475 475 476 476 476
476 476 476 477 477 477
477 477 477 478 478 478
478 478 478 479 479 479
479 479 479 480 480 480
480 480 480 481 481 481
481 481 481 482 482 482
482 482 482 483 483 483
483 483 483 484 484 484
484 484 484 485 485 485
485 485 485 486 486 486
486 486 486 487 487 487
487 487 487 488 488 488
488 488 488 489 489 489
489 489 489 490 490 490
490 490 490 491 491 491
491 491 491 492 492 492
492 492 492 493 493 493
493 493 493 494 494 494
494 494 494 495 495 495
495 495 495 496 496 496
496 496 496 497 497 497
497 497 497 498 498 498
498 498 498 499 499 499
499 499 499 500 500 500
500 500 500 501 501 501
501 501 501 502 502 502
502 502 502 503 503 503
503 503 503 504 504 504
504 504 504 505 505 505
505 505 505 506 506 506
506 506 506 507 507 507
507 507 507 508 508 508
508 508 508 509 509 509
509 509 509 510 510 510
510 510 510 511 511 511
511 511 511 512 512 512
512 512 512 513 513 513
513 513 513 514 514 514
514 514 514 515 515 515
515 515 515 516 516 516
516 516 516 517 517 517
517 517 517 518 518 518
518 518 518 519 519 519
519 519 519 520 520 520
520 520 520 521 521 521
521 521 521 522 522 522
522 522 522 523 523 523
523 523 523 524 524 524
524 524 524 525 525 525
525 525 525 526 526 526
526 526 526 527 527 527
527 527 527 528 528 528
528 528 528 529 529 529
529 529 529 530 530 530
530 530 530 531 531 531
531 531 531 532 532 532
532 532 532 533 533 533
533 533 533 534 534 534
534 534 534 535 535 535
535 535 535 536 536 536
536 536 536 537 537 537
537 537 537 538 538 538
538 538 538 539 539 539
539 539 539 540 540 540
540 540 540 541 541 541
541 541 541 542 542 542
542 542 542 543 543 543
543 543 543 544 544 544
544 544 544 545 545 545
545 545 545 546 546 546
546 546 546 547 547 547
547 547 547 548 548 548
548 548 548 549 549 549
549 549 549 550 550 550
550 550 550 551 551 551
551 551 551 552 552 552
552 552 552 553 553 553
553 553 553 554 554 554
554 554 554 555 555 555
555 555 555 556 556 556
556 556 556 557 557 557
557 557 557 558 558 558
558 558 558 559 559 559
559 559 559 560 560 560
560 560 560 561 561 561
561 561 561 562 562 562
562 562 562 563 563 563
563 563 563 564 564 564
564 564 564 565 565 565
565 565 565 566 566 566
566 566 566 567 567 567
567 567 567 568 568 568
568 568 568 569 569 569
569 569 569 570 570 570
570 570 570 571 571 571
571 571 571 572 572 572
572 572 572 573 573 573
573 573 573 574 574 574
574 574 574 575 575 575
575 575 575 576 576 576
576 576 576 577 577 577
577 577 577 578 578 578
578 578 578 579 579 579
579 579 579 580 580 580
580 580 580 581 581 581
581 581 581 582 582 582
582 582 582 583 583 583
583 583 583 584 584 584
584 584 584 585 585 585
585 585 585 586 586 586
586 586 586 587 587 587
587 587 587 588 588 588
588 588 588 589 589 589
589 589 589 590 590 590
590 590 590 591 591 591
591 591 591 592 592 592
592 592 592 593 593 593
593 593 593 594 594 594
594 594 594 595 595 595
595 595 595 596 596 596
596 596 596 597 597 597
597 597 597 598 598 598
598 598 598 599 599 599
599 599 599 600 600 600
0 0 1 1 1 2
1 1 2 2 2 3
2 2 3 3 3 4
3 3 4 4 4 5
4 4 5 5 5 6
5 5 6 6 6 7
6 6 7 7 7 8
7 7 8 8 8 9
8 8 9 9 9 10
9 9 10 10 10 11
10 10 11 11 11 12
11 11 12 12 12 13
12 12 13 13 13 14
13 13 14 14 14 15
14 14 15 15 15 16
15 15 16 16 16 17
16 16 17 17 17 18
17 17 18 18 18 19
18 18 19 19 19 20
19 19 20 20 20 21
20 20 21 21 21 22
21 21 22 22 22 23
22 22 23 23 23 24
23 23 24 24 24 25
24 24 25 25 25 26
25 25 26 26 26 27
26 26 27 27 27 28
27 27 28 28 28 29
28 28 29 29 29 30
29 29 30 30 30 31
30 30 31 31 31 32
31 31 32 32 32 33
32 32 33 33 33 34
33 33 34 34 34 35
34 34 35 35 35 36
35 35 36 36 36 37
36 36 37 37 37 38
37 37 38 38 38 39
38 38 39 39 39 40
39 39 40 40 40 41
40 40 41 41 41 42
41 41 42 42 42 43
42 42 43 43 43 44
43 43 44 44 44 45
44 44 45 45 45 46
45 45 46 46 46 47
46 46 47 47 47 48
47 47 48 48 48 49
48 48 49 49 49 50
49 49 50 50 50 51
50 50 51 51 51 52
51 51 52 52 52 53
52 52 53 53 53 54
53 53 54 54 54 55
54 54 55 55 55 56
55 55 56 56 56 57
56 56 57 57 57 58
57 57 58 58 58 59
58 58 59 59 59 60
59 59 60 60 60 61
60 60 61 61 61 62
61 61 62 62 62 63
62 62 63 63 63 64
63 63 64 64 64 65
64 64 65 65 65 66
65 65 66 66 66 67
66 66 67 67 67 68
67 67 68 68 68 69
68 68 69 69 69 70
69 69 70 70 70 71
70 70 71 71 71 72
71 71 72 72 72 73
72 72 73 73 73 74
73 73 74 74 74 75
74 74 75 75 75 76
75 75 76 76 76 77
76 76 77 77 77 78
77 77 78 78 78 79
78 78 79 79 79 80
79 79 80 80 80 81
80 80 81 81 81 82
81 81 82 82 82 83
82 82 83 83 83 84
83 83 84 84 84 85
84 84 85 85 85 86
85 85 86 86 86 87
86 86 87 87 87 88
87 87 88 88 88 89
88 88 89 89 89 90
89 89 90 90 90 91
90 90 91 91 91 92
91 91 92 92 92 93
92 92 93 93 93 94
93 93 94 94 94 95
94 94 95 95 95 96
95 95 96 96 96 97
96 96 97 97 97 98
97 97 98 98 98 99
98 98 99 99 99 100
99 99 100 100 100 101
100 100 101 101 101 102
101 101 102 102 102 103
102 102 103 103 103 104
103 103 104 104 104 105
104 104 105 105 105 106
105 105 106 106 106 107
106 106 107 107 107 108
107 107 108 108 108 109
108 108 109 109 109 110
109 109 110 110 110 111
110 110 111 111 111 112
111 111 112 112 112 113
112 112 113 113 113 114
113 113 114 114 114 115
114 114 115 115 115 116
115 115 116 116 116 117
116 116 117 117 117 118
117 117 118 118 118 119
118 118 119 119 119 120
119 119 120 120 120 121
120 120 121 121 121 122
121 121 122 122 122 123
122 122 123 123 123 124
123 123 124 124 124 125
124 124 125 125 125 126
125 125 126 126 126 127
126 126 127 127 127 128
127 127 128 128 128 129
128 128 129 129 129 130
129 129 130 130 130 131
130 130 131 131 131 132
131 131 132 132 132 133
132 132 133 133 133 134
133 133 134 134 134 135
134 134 135 135 135 136
135 135 136 136 136 137
136 136 137 137 137 138
137 137 138 138 138 139
138 138 139 139 139 140
139 139 140 140 140 141
140 140 141 141 141 142
141 141 142 142 142 143
142 142 143 143 143 144
143 143 144 144 144 145
144 144 145 145 145 146
145 145 146 146 146 147
146 146 147 147 147 148
147 147 148 148 148 149
148 148 149 149 149 150
149 149 150 150 150 151
150 150 151 151 151 152
151 151 152 152 152 153
152 152 153 153 153 154
153 153 154 154 154 155
154 154 155 155 155 156
155 155 156 156 156 157
156 156 157 157 157 158
157 157 158 158 158 159
158 158 159 159 159 160
159 159 160 160 160 161
160 160 161 161 161 162
161 161 162 162 162 163
162 162 163 163 163 164
163 163 164 164 164 165
164 164 165 165 165 166
165 165 166 166 166 167
166 166 167 167 167 168
167 167 168 168 168 169
168 168 169 169 169 170
169 169 170 170 170 171
170 170 171 171 171 172
171 171 172 172 172 173
172 172 173 173 173 174
173 173 174 174 174 175
174 174 175 175 175 176
175 175 176 176 176 177
176 176 177 177 177 178
177 177 178 178 178 179
178 178 179 179 179 180
179 179 180 180 180 181
180 180 181 181 181 182
181 181 182 182 182 183
182 182 183 183 183 184
183 183 184 184 184 185
184 184 185 185 185 186
185 185 186 186 186 187
186 186 187 187 187 188
187 187 188 188 188 189
188 188 189 189 189 190
189 189 190 190 190 191
190 190 191 191 191 192
191 191 192 192 192 193
192 192 193 193 193 194
193 193 194 194 194 195
194 194 195 195 195 196
195 195 196 196 196 197
196 196 197 197 197 198
197 197 198 198 198 199
198 198 199 199 199 200
199 199 200 200 200 201
200 200 201 201 201 202
201 201 202 202 202 203
202 202 203 203 203 204
203 203 204 204 204 205
204 204 205 205 205 206
205 205 206 206 206 207
206 206 207 207 207 208
207 207 208 208 208 209
208 208 209 209 209 210
209 209 210 210 210 211
210 210 211 211 211 212
211 211 212 212 212 213
212 212 213 213 213 214
213 213 214 214 214 215
214 214 215 215 215 216
215 215 216 216 216 217
216 216 217 217 217 218
217 217 218 218 218 219
218 218 219 219 219 220
219 219 220 220 220 221
220 220 221 221 221 222
221 221 222 222 222 223
222 222 223 223 223 224
223 223 224 224 224 225
224 224 225 225 225 226
225 225 226 226 226 227
226 226 227 227 227 228
227 227 228 228 228 229
228 228 229 229 229 230
229 229 230 230 230 231
230 230 231 231 231 232
231 231 232 232 232 233
232 232 233 233 233 234
233 233 234 234 234 235
234 234 235 235 235 236
235 235 236 236 236 237
236 236 237 237 237 238
237 237 238 238 238 239
238 238 239 239 239 240
239 239 240 240 240 241
240 240 241 241 241 242
241 241 242 242 242 243
242 242 243 243 243 244
243 243 244 244 244 245
244 244 245 245 245 246
245 245 246 246 246 247
246 246 247 247 247 248
247 247 248 248 248 249
248 248 249 249 249 250
249 249 250 250 250 251
250 250 251 251 251 252
251 251 252 252 252 253
252 252 253 253 253 254
253 253 254 254 254 255
254 254 255 255 255 256
255 255 256 256 256 257
256 256 257 257 257 258
257 257 258 258 258 259
258 258 259 259 259 260
259 259 260 260 260 261
260 260 261 261 261 262
261 261 262 262 262 263
262 262 263 263 263 264
263 263 264 264 264 265
264 264 265 265 265 266
265 265 266 266 266 267
266 266 267 267 267 268
267 267 268 268 268 269
268 268 269 269 269 270
269 269 270 270 270 271
270 270 271 271 271 272
271 271 272 272 272 273
272 272 273 273 273 274
273 273 274 274 274 275
274 274 275 275 275 276
275 275 276 276 276 277
276 276 277 277 277 278
277 277 278 278 278 279
278 278 279 279 279 280
279 279 280 280 280 281
280 280 281 281 281 282
281 281 282 282 282 283
282 282 283 283 283 284
283 283 284 284 284 285
284 284 285 285 285 286
285 285 286 286 286 287
286 286 287 287 287 288
287 287 288 288 288 289
288 288 289 289 289 290
289 289 290 290 290 291
290 290 291 291 291 292
291 291 292 292 292 293
292 292 293 293 293 294
293 293 294 294 294 295
294 294 295 295 295 296
295 295 296 296 296 297
296 296 297 297 297 298
297 297 298 298 298 299
298 298 299 299 299 300
299 299 300 300 300 301
300 300 301 301 301 302
301 301 302 302 302 303
302 302 303 303 303 304
303 303 304 304 304 305
304 304 305 305 305 306
305 305 306 306 306 307
306 306 307 307 307 308
307 307 308 308 308 309
308 308 309 309 309 310
309 309 310 310 310 311
310 310 311 311 311 312
311 311 312 312 312 313
312 312 313 313 313 314
313 313 314 314 314 315
314 314 315 315 315 316
315 315 316 316 316 317
316 316 317 317 317 318
317 317 318 318 318 319
318 318 319 319 319 320
319 319 320 320 320 321
320 320 321 321 321 322
321 321 322 322 322 323
322 322 323 323 323 324
323 323 324 324 324 325
324 324 325 325 325 326
325 325 326 326 326 327
326 326 327 327 327 328
327 327 328 328 328 329
328 328 329 329 329 330
329 329 330 330 330 331
330 330 331 331 331 332
331 331 332 332 332 333
332 332 333 333 333 334
333 333 334 334 334 335
334 334 335 335 335 336
335 335 336 336 336 337
336 336 337 337 337 338
337 337 338 338 338 339
338 338 339 339 339 340
339 339 340 340 340 341
340 340 341 341 341 342
341 341 342 342 342 343
342 342 343 343 343 344
343 343 344 344 344 345
344 344 345 345 345 346
345 345 346 346 346 347
346 346 347 347 347 348
347 347 348 348 348 349
348 348 349 349 349 350
349 349 350 350 350 351
350 350 351 351 351 352
351 351 352 352 352 353
352 352 353 353 353 354
353 353 354 354 354 355
354 354 355 355 355 356
355 355 356 356 356 357
356 356 357 357 357 358
357 357 358 358 358 359
358 358 359 359 359 360
359 359 360 360 360 361
360 360 361 361 361 362
361 361 362 362 362 363
362 362 363 363 363 364
363 363 364 364 364 365
364 364 365 365 365 366
365 365 366 366 366 367
366 366 367 367 367 368
367 367 368 368 368 369
368 368 369 369 369 370
369 369 370 370 370 371
370 370 371 371 371 372
371 371 372 372 372 373
372 372 373 373 373 374
373 373 374 374 374 375
374 374 375 375 375 376
375 375 376 376 376 377
376 376 377 377 377 378
377 377 378 378 378 379
378 378 379 379 379 380
379 379 380 380 380 381
380 380 381 381 381 382
381 381 382 382 382 383
382 382 383 383 383 384
383 383 384 384 384 385
384 384 385 385 385 386
385 385 386 386 386 387
386 386 387 387 387 388
387 387 388 388 388 389
388 388 389 389 389 390
389 389 390 390 390 391
390 390 391 391 391 392
391 391 392 392 392 393
392 392 393 393 393 394
393 393 394 394 394 395
394 394 395 395 395 396
395 395 396 396 396 397
396 396 397 397 397 398
397 397 398 398 398 399
398 398 399 399 399 400
399 399 400 400 400 401
117 587 233 220
0 114 35 75 141 70
41 0 0 82 77 45
118 0 45 182 110 84
136 0 111 176 98 190
0 0 150 93 98 189
254 0 102 340 85 153
89 195 52 176 229 107
541 0 32 579 59 60
183 171 109 251 230 218
85 196 176 180 221 210
122 114 70 183 195 111
543 174 183 586 226 218
183 98 153 238 170 181
341 129 0 413 189 55
519 192 57 585 229 106
341 72 144 426 142 185
183 0 181 262 76 213
86 187 111 114 229 162
262 0 181 329 74 218
61 114 70 122 195 111
0 195 0 108 231 52
482 72 60 553 192 107
341 125 185 405 178 217
405 72 185 425 126 214
341 178 185 404 229 216
0 0 78 59 114 111
59 0 45 118 114 78
554 146 0 587 190 46
0 0 45 59 114 78
0 99 111 117 187 176
495 0 0 541 60 64
541 0 0 584 66 32
476 72 108 586 131 183
378 0 0 415 69 60
509 131 108 584 232 183
341 72 0 414 129 55
183 69 102 254 138 152
82 0 0 181 57 45
251 171 0 337 231 64
85 99 176 180 196 213
543 72 183 573 174 208
418 192 0 527 233 57
76 114 0 129 195 70
0 72 190 74 95 219
183 0 102 254 69 152
0 187 111 86 226 173
93 0 111 136 99 189
183 0 0 275 95 63
117 99 111 182 201 146
500 72 183 543 149 220
554 72 49 587 186 106
238 98 153 338 168 181
275 0 0 341 96 102
254 85 102 339 171 153
495 0 64 586 47 116
129 114 0 182 195 70
341 170 108 424 213 143
341 0 0 378 69 60
341 0 60 415 72 165
420 72 55 451 190 108
341 0 165 435 69 217
415 0 110 494 71 165
482 72 0 554 191 60
0 198 176 78 232 218
435 0 165 486 63 218
0 0 111 93 98 150
426 72 183 499 159 220
183 96 0 266 170 101
415 0 0 495 72 110
266 96 0 341 171 101
430 192 57 519 230 104
251 171 128 340 218 166
300 0 153 340 98 180
495 0 116 584 63 219
554 72 0 583 114 49
83 0 190 147 96 218
0 114 0 75 141 35
0 77 0 80 113 44
0 99 176 85 198 220
341 72 55 389 192 108
183 49 153 300 98 181
341 142 144 426 212 185
527 192 0 582 219 53
426 72 108 476 130 183
341 192 0 418 233 56
183 0 153 300 49 181
117 201 111 172 228 164
389 72 55 420 190 108
554 114 0 584 146 49
341 192 57 430 230 104
451 72 55 482 190 108
183 138 102 251 171 150
280 76 181 334 167 218
147 0 190 181 95 215
341 72 108 372 168 144
495 47 64 574 69 107
108 195 0 169 233 50
0 195 52 89 230 110
372 72 108 425 170 144
82 57 0 181 114 45
251 171 64 337 231 128
0 114 70 61 195 111
251 171 166 340 229 219
0 0 190 83 72 219
183 0 63 275 95 101
59 0 78 118 114 111
183 171 0 251 230 109
426 131 108 509 232 182
414 72 0 481 192 55
500 149 183 543 226 220
183 76 181 280 171 218
118 0 84 183 110 111
0 141 0 76 192 70
117 99 146 181 199 172
341 72 185 405 125 217
426 159 183 500 226 220
0 0 0 41 77 45
115 587 233 220
0 114 35 75 141 70
41 0 0 82 77 45
118 0 45 182 110 84
136 0 111 176 98 190
0 0 150 93 98 189
254 0 102 340 85 153
89 195 52 176 229 107
541 0 32 579 59 60
183 171 109 251 230 218
85 196 176 180 221 210
122 114 70 183 195 111
543 174 183 586 226 218
183 98 153 238 170 181
341 129 0 413 189 55
519 192 57 585 229 106
341 72 144 426 142 185
183 0 181 262 76 213
86 187 111 114 229 162
262 0 181 329 74 218
61 114 70 122 195 111
0 195 0 108 231 52
482 72 60 553 192 107
341 125 185 405 178 217
405 72 185 425 126 214
341 178 185 404 229 216
0 0 78 59 114 111
59 0 45 118 114 78
554 146 0 587 190 46
0 0 45 59 114 78
0 99 111 117 187 176
495 0 0 541 60 64
541 0 0 584 66 32
476 72 108 586 131 183
378 0 0 415 69 60
509 131 108 584 232 183
341 72 0 414 129 55
183 69 102 254 138 152
82 0 0 181 57 45
251 171 0 337 231 64
85 99 176 180 196 213
543 72 183 573 174 208
418 192 0 527 233 57
76 114 0 129 195 70
0 72 190 74 95 219
183 0 102 254 69 152
0 187 111 86 226 173
93 0 111 136 99 189
183 0 0 275 95 63
117 99 111 182 201 146
500 72 183 543 149 220
554 72 49 587 186 106
238 98 153 338 168 181
275 0 0 341 96 102
254 85 102 339 171 153
495 0 64 586 47 116
129 114 0 182 195 70
341 170 108 424 213 143
341 0 0 378 69 60
341 0 60 415 72 165
420 72 55 451 190 108
341 0 165 435 69 217
415 0 110 494 71 165
482 72 0 554 191 60
0 198 176 78 232 218
435 0 165 486 63 218
0 0 111 93 98 150
426 72 183 499 159 220
183 96 0 266 170 101
415 0 0 495 72 110
266 96 0 341 171 101
430 192 57 519 230 104
251 171 128 340 218 166
300 0 153 340 98 180
495 0 116 584 63 219
554 72 0 583 114 49
83 0 190 147 96 218
0 114 0 75 141 35
0 77 0 80 113 44
0 99 176 85 198 220
341 72 55 389 192 108
183 49 153 300 98 181
341 142 144 426 212 185
527 192 0 582 219 53
426 72 108 476 130 183
341 192 0 418 233 56
183 0 153 300 49 181
117 201 111 172 228 164
389 72 55 420 190 108
554 114 0 584 146 49
341 192 57 430 230 104
451 72 55 482 190 108
183 138 102 251 171 150
280 76 181 334 167 218
147 0 190 181 95 215
341 72 108 372 168 144
495 47 64 574 69 107
108 195 0 169 233 50
0 195 52 89 230 110
372 72 108 425 170 144
82 57 0 181 114 45
251 171 64 337 231 128
0 114 70 61 195 111
251 171 166 340 229 219
0 0 190 83 72 219
183 0 63 275 95 101
59 0 78 118 114 111
183 171 0 251 230 109
426 131 108 509 232 182
414 72 0 481 192 55
500 149 183 543 226 220
183 76 181 280 171 218
118 0 84 183 110 111
0 141 0 76 192 70
117 99 146 181 199 172
341 72 185 405 125 217
113 587 233 220
0 114 35 75 141 70
41 0 0 82 77 45
118 0 45 182 110 84
136 0 111 176 98 190
0 0 150 93 98 189
254 0 102 340 85 153
89 195 52 176 229 107
541 0 32 579 59 60
183 171 109 251 230 218
85 196 176 180 221 210
122 114 70 183 195 111
543 174 183 586 226 218
183 98 153 238 170 181
341 129 0 413 189 55
519 192 57 585 229 106
341 72 144 426 142 185
183 0 181 262 76 213
86 187 111 114 229 162
262 0 181 329 74 218
61 114 70 122 195 111
0 195 0 108 231 52
482 72 60 553 192 107
341 125 185 405 178 217
405 72 185 425 126 214
341 178 185 404 229 216
0 0 78 59 114 111
59 0 45 118 114 78
554 146 0 587 190 46
0 0 45 59 114 78
0 99 111 117 187 176
495 0 0 541 60 64
541 0 0 584 66 32
476 72 108 586 131 183
378 0 0 415 69 60
509 131 108 584 232 183
341 72 0 414 129 55
183 69 102 254 138 152
82 0 0 181 57 45
251 171 0 337 231 64
85 99 176 180 196 213
543 72 183 573 174 208
418 192 0 527 233 57
76 114 0 129 195 70
0 72 190 74 95 219
183 0 102 254 69 152
0 187 111 86 226 173
93 0 111 136 99 189
183 0 0 275 95 63
117 99 111 182 201 146
500 72 183 543 149 220
554 72 49 587 186 106
238 98 153 338 168 181
275 0 0 341 96 102
254 85 102 339 171 153
495 0 64 586 47 116
129 114 0 182 195 70
341 170 108 424 213 143
341 0 0 378 69 60
341 0 60 415 72 165
420 72 55 451 190 108
341 0 165 435 69 217
415 0 110 494 71 165
482 72 0 554 191 60
0 198 176 78 232 218
435 0 165 486 63 218
0 0 111 93 98 150
426 72 183 499 159 220
183 96 0 266 170 101
415 0 0 495 72 110
266 96 0 341 171 101
430 192 57 519 230 104
251 171 128 340 218 166
300 0 153 340 98 180
495 0 116 584 63 219
554 72 0 583 114 49
83 0 190 147 96 218
0 114 0 75 141 35
0 77 0 80 113 44
0 99 176 85 198 220
341 72 55 389 192 108
183 49 153 300 98 181
341 142 144 426 212 185
527 192 0 582 219 53
426 72 108 476 130 183
341 192 0 418 233 56
183 0 153 300 49 181
117 201 111 172 228 164
389 72 55 420 190 108
554 114 0 584 146 49
341 192 57 430 230 104
451 72 55 482 190 108
183 138 102 251 171 150
280 76 181 334 167 218
147 0 190 181 95 215
341 72 108 372 168 144
495 47 64 574 69 107
108 195 0 169 233 50
0 195 52 89 230 110
372 72 108 425 170 144
82 57 0 181 114 45
251 171 64 337 231 128
0 114 70 61 195 111
251 171 166 340 229 219
0 0 190 83 72 219
183 0 63 275 95 101
59 0 78 118 114 111
183 171 0 251 230 109
426 131 108 509 232 182
414 72 0 481 192 55
500 149 183 543 226 220
183 76 181 280 171 218
118 0 84 183 110 111
0 141 0 76 192 70
111 587 233 220
0 114 35 75 141 70
41 0 0 82 77 45
118 0 45 182 110 84
136 0 111 176 98 190
0 0 150 93 98 189
254 0 102 340 85 153
89 195 52 176 229 107
541 0 32 579 59 60
183 171 109 251 230 218
85 196 176 180 221 210
122 114 70 183 195 111
543 174 183 586 226 218
183 98 153 238 170 181
341 129 0 413 189 55
519 192 57 585 229 106
341 72 144 426 142 185
183 0 181 262 76 213
86 187 111 114 229 162
262 0 181 329 74 218
61 114 70 122 195 111
0 195 0 108 231 52
482 72 60 553 192 107
341 125 185 405 178 217
405 72 185 425 126 214
341 178 185 404 229 216
0 0 78 59 114 111
59 0 45 118 114 78
554 146 0 587 190 46
0 0 45 59 114 78
0 99 111 117 187 176
495 0 0 541 60 64
541 0 0 584 66 32
476 72 108 586 131 183
378 0 0 415 69 60
509 131 108 584 232 183
341 72 0 414 129 55
183 69 102 254 138 152
82 0 0 181 57 45
251 171 0 337 231 64
85 99 176 180 196 213
543 72 183 573 174 208
418 192 0 527 233 57
76 114 0 129 195 70
0 72 190 74 95 219
183 0 102 254 69 152
0 187 111 86 226 173
93 0 111 136 99 189
183 0 0 275 95 63
117 99 111 182 201 146
500 72 183 543 149 220
554 72 49 587 186 106
238 98 153 338 168 181
275 0 0 341 96 102
254 85 102 339 171 153
495 0 64 586 47 116
129 114 0 182 195 70
341 170 108 424 213 143
341 0 0 378 69 60
341 0 60 415 72 165
420 72 55 451 190 108
341 0 165 435 69 217
415 0 110 494 71 165
482 72 0 554 191 60
0 198 176 78 232 218
435 0 165 486 63 218
0 0 111 93 98 150
426 72 183 499 159 220
183 96 0 266 170 101
415 0 0 495 72 110
266 96 0 341 171 101
430 192 57 519 230 104
251 171 128 340 218 166
300 0 153 340 98 180
495 0 116 584 63 219
554 72 0 583 114 49
83 0 190 147 96 218
0 114 0 75 141 35
0 77 0 80 113 44
0 99 176 85 198 220
341 72 55 389 192 108
183 49 153 300 98 181
341 142 144 426 212 185
527 192 0 582 219 53
426 72 108 476 130 183
341 192 0 418 233 56
183 0 153 300 49 181
117 201 111 172 228 164
389 72 55 420 190 108
554 114 0 584 146 49
341 192 57 430 230 104
451 72 55 482 190 108
183 138 102 251 171 150
280 76 181 334 167 218
147 0 190 181 95 215
341 72 108 372 168 144
495 47 64 574 69 107
108 195 0 169 233 50
0 195 52 89 230 110
372 72 108 425 170 144
82 57 0 181 114 45
251 171 64 337 231 128
0 114 70 61 195 111
251 171 166 340 229 219
0 0 190 83 72 219
183 0 63 275 95 101
59 0 78 118 114 111
183 171 0 251 230 109
426 131 108 509 232 182
414 72 0 481 192 55
500 149 183 543 226 220
183 76 181 280 171 218
109 587 233 220
0 114 35 75 141 70
41 0 0 82 77 45
118 0 45 182 110 84
136 0 111 176 98 190
0 0 150 93 98 189
254 0 102 340 85 153
89 195 52 176 229 107
541 0 32 579 59 60
183 171 109 251 230 218
85 196 176 180 221 210
122 114 70 183 195 111
543 174 183 586 226 218
183 98 153 238 170 181
341 129 0 413 189 55
519 192 57 585 229 106
341 72 144 426 142 185
183 0 181 262 76 213
86 187 111 114 229 162
262 0 181 329 74 218
61 114 70 122 195 111
0 195 0 108 231 52
482 72 60 553 192 107
341 125 185 405 178 217
405 72 185 425 126 214
341 178 185 404 229 216
0 0 78 59 114 111
59 0 45 118 114 78
554 146 0 587 190 46
0 0 45 59 114 78
0 99 111 117 187 176
495 0 0 541 60 64
541 0 0 584 66 32
476 72 108 586 131 183
378 0 0 415 69 60
509 131 108 584 232 183
341 72 0 414 129 55
183 69 102 254 138 152
82 0 0 181 57 45
251 171 0 337 231 64
85 99 176 180 196 213
543 72 183 573 174 208
418 192 0 527 233 57
76 114 0 129 195 70
0 72 190 74 95 219
183 0 102 254 69 152
0 187 111 86 226 173
93 0 111 136 99 189
183 0 0 275 95 63
117 99 111 182 201 146
500 72 183 543 149 220
554 72 49 587 186 106
238 98 153 338 168 181
275 0 0 341 96 102
254 85 102 339 171 153
495 0 64 586 47 116
129 114 0 182 195 70
341 170 108 424 213 143
341 0 0 378 69 60
341 0 60 415 72 165
420 72 55 451 190 108
341 0 165 435 69 217
415 0 110 494 71 165
482 72 0 554 191 60
0 198 176 78 232 218
435 0 165 486 63 218
0 0 111 93 98 150
426 72 183 499 159 220
183 96 0 266 170 101
415 0 0 495 72 110
266 96 0 341 171 101
430 192 57 519 230 104
251 171 128 340 218 166
300 0 153 340 98 180
495 0 116 584 63 219
554 72 0 583 114 49
83 0 190 147 96 218
0 114 0 75 141 35
0 77 0 80 113 44
0 99 176 85 198 220
341 72 55 389 192 108
183 49 153 300 98 181
341 142 144 426 212 185
527 192 0 582 219 53
426 72 108 476 130 183
341 192 0 418 233 56
183 0 153 300 49 181
117 201 111 172 228 164
389 72 55 420 190 108
554 114 0 584 146 49
341 192 57 430 230 104
451 72 55 482 190 108
183 138 102 251 171 150
280 76 181 334 167 218
147 0 190 181 95 215
341 72 108 372 168 144
495 47 64 574 69 107
108 195 0 169 233 50
0 195 52 89 230 110
372 72 108 425 170 144
82 57 0 181 114 45
251 171 64 337 231 128
0 114 70 61 195 111
251 171 166 340 229 219
0 0 190 83 72 219
183 0 63 275 95 101
59 0 78 118 114 111
183 171 0 251 230 109
426 131 108 509 232 182
414 72 0 481 192 55
107 587 233 220
0 114 35 75 141 70
41 0 0 82 77 45
118 0 45 182 110 84
136 0 111 176 98 190
0 0 150 93 98 189
254 0 102 340 85 153
89 195 52 176 229 107
541 0 32 579 59 60
183 171 109 251 230 218
85 196 176 180 221 210
122 114 70 183 195 111
543 174 183 586 226 218
183 98 153 238 170 181
341 129 0 413 189 55
519 192 57 585 229 106
341 72 144 426 142 185
183 0 181 262 76 213
86 187 111 114 229 162
262 0 181 329 74 218
61 114 70 122 195 111
0 195 0 108 231 52
482 72 60 553 192 107
341 125 185 405 178 217
405 72 185 425 126 214
341 178 185 404 229 216
0 0 78 59 114 111
59 0 45 118 114 78
554 146 0 587 190 46
0 0 45 59 114 78
0 99 111 117 187 176
495 0 0 541 60 64
541 0 0 584 66 32
476 72 108 586 131 183
378 0 0 415 69 60
509 131 108 584 232 183
341 72 0 414 129 55
183 69 102 254 138 152
82 0 0 181 57 45
251 171 0 337 231 64
85 99 176 180 196 213
543 72 183 573 174 208
418 192 0 527 233 57
76 114 0 129 195 70
0 72 190 74 95 219
183 0 102 254 69 152
0 187 111 86 226 173
93 0 111 136 99 189
183 0 0 275 95 63
117 99 111 182 201 146
500 72 183 543 149 220
554 72 49 587 186 106
238 98 153 338 168 181
275 0 0 341 96 102
254 85 102 339 171 153
495 0 64 586 47 116
129 114 0 182 195 70
341 170 108 424 213 143
341 0 0 378 69 60
341 0 60 415 72 165
420 72 55 451 190 108
341 0 165 435 69 217
415 0 110 494 71 165
482 72 0 554 191 60
0 198 176 78 232 218
435 0 165 486 63 218
0 0 111 93 98 150
426 72 183 499 159 220
183 96 0 266 170 101
415 0 0 495 72 110
266 96 0 341 171 101
430 192 57 519 230 104
251 171 128 340 218 166
300 0 153 340 98 180
495 0 116 584 63 219
554 72 0 583 114 49
83 0 190 147 96 218
0 114 0 75 141 35
0 77 0 80 113 44
0 99 176 85 198 220
341 72 55 389 192 108
183 49 153 300 98 181
341 142 144 426 212 185
527 192 0 582 219 53
426 72 108 476 130 183
341 192 0 418 233 56
183 0 153 300 49 181
117 201 111 172 228 164
389 72 55 420 190 108
554 114 0 584 146 49
341 192 57 430 230 104
451 72 55 482 190 108
183 138 102 251 171 150
280 76 181 334 167 218
147 0 190 181 95 215
341 72 108 372 168 144
495 47 64 574 69 107
108 195 0 169 233 50
0 195 52 89 230 110
372 72 108 425 170 144
82 57 0 181 114 45
251 171 64 337 231 128
0 114 70 61 195 111
251 171 166 340 229 219
0 0 190 83 72 219
183 0 63 275 95 101
59 0 78 118 114 111
183 171 0 251 230 109
97 600 300 300
0 114 35 75 141 70
41 0 0 82 77 45
118 0 45 182 110 84
136 0 111 176 98 190
0 0 150 93 98 189
254 0 102 340 85 153
89 195 52 176 229 107
541 0 32 579 59 60
183 171 109 251 230 218
85 196 176 180 221 210
122 114 70 183 195 111
543 174 183 586 226 218
183 98 153 238 170 181
341 129 0 413 189 55
519 192 57 585 229 106
341 72 144 426 142 185
183 0 181 262 76 213
86 187 111 114 229 162
262 0 181 329 74 218
61 114 70 122 195 111
0 195 0 108 231 52
482 72 60 553 192 107
341 125 185 405 178 217
405 72 185 425 126 214
341 178 185 404 229 216
0 0 78 59 114 111
59 0 45 118 114 78
554 146 0 587 190 46
0 0 45 59 114 78
0 99 111 117 187 176
495 0 0 541 60 64
541 0 0 584 66 32
476 72 108 586 131 183
378 0 0 415 69 60
509 131 108 584 232 183
341 72 0 414 129 55
183 69 102 254 138 152
82 0 0 181 57 45
251 171 0 337 231 64
85 99 176 180 196 213
543 72 183 573 174 208
418 192 0 527 233 57
76 114 0 129 195 70
0 72 190 74 95 219
183 0 102 254 69 152
0 187 111 86 226 173
93 0 111 136 99 189
183 0 0 275 95 63
117 99 111 182 201 146
500 72 183 543 149 220
554 72 49 587 186 106
238 98 153 338 168 181
275 0 0 341 96 102
254 85 102 339 171 153
495 0 64 586 47 116
129 114 0 182 195 70
341 170 108 424 213 143
341 0 0 378 69 60
341 0 60 415 72 165
420 72 55 451 190 108
341 0 165 435 69 217
415 0 110 494 71 165
482 72 0 554 191 60
0 198 176 78 232 218
435 0 165 486 63 218
0 0 111 93 98 150
426 72 183 499 159 220
183 96 0 266 170 101
415 0 0 495 72 110
266 96 0 341 171 101
430 192 57 519 230 104
251 171 128 340 218 166
300 0 153 340 98 180
495 0 116 584 63 219
554 72 0 583 114 49
83 0 190 147 96 218
0 114 0 75 141 35
0 77 0 80 113 44
0 99 176 85 198 220
341 72 55 389 192 108
183 49 153 300 98 181
341 142 144 426 212 185
527 192 0 582 219 53
426 72 108 476 130 183
341 192 0 418 233 56
183 0 153 300 49 181
117 201 111 172 228 164
389 72 55 420 190 108
554 114 0 584 146 49
341 192 57 430 230 104
451 72 55 482 190 108
183 138 102 251 171 150
280 76 181 334 167 218
147 0 190 181 95 215
341 72 108 372 168 144
495 47 64 574 69 107
108 195 0 169 233 50
87 1000 1000 1000
0 114 35 75 141 70
41 0 0 82 77 45
118 0 45 182 110 84
136 0 111 176 98 190
0 0 150 93 98 189
254 0 102 340 85 153
89 195 52 176 229 107
541 0 32 579 59 60
183 171 109 251 230 218
85 196 176 180 221 210
122 114 70 183 195 111
543 174 183 586 226 218
183 98 153 238 170 181
341 129 0 413 189 55
519 192 57 585 229 106
341 72 144 426 142 185
183 0 181 262 76 213
86 187 111 114 229 162
262 0 181 329 74 218
61 114 70 122 195 111
0 195 0 108 231 52
482 72 60 553 192 107
341 125 185 405 178 217
405 72 185 425 126 214
341 178 185 404 229 216
0 0 78 59 114 111
59 0 45 118 114 78
554 146 0 587 190 46
0 0 45 59 114 78
0 99 111 117 187 176
495 0 0 541 60 64
541 0 0 584 66 32
476 72 108 586 131 183
378 0 0 415 69 60
509 131 108 584 232 183
341 72 0 414 129 55
183 69 102 254 138 152
82 0 0 181 57 45
251 171 0 337 231 64
85 99 176 180 196 213
543 72 183 573 174 208
418 192 0 527 233 57
76 114 0 129 195 70
0 72 190 74 95 219
183 0 102 254 69 152
0 187 111 86 226 173
93 0 111 136 99 189
183 0 0 275 95 63
117 99 111 182 201 146
500 72 183 543 149 220
554 72 49 587 186 106
238 98 153 338 168 181
275 0 0 341 96 102
254 85 102 339 171 153
495 0 64 586 47 116
129 114 0 182 195 70
341 170 108 424 213 143
341 0 0 378 69 60
341 0 60 415 72 165
420 72 55 451 190 108
341 0 165 435 69 217
415 0 110 494 71 165
482 72 0 554 191 60
0 198 176 78 232 218
435 0 165 486 63 218
0 0 111 93 98 150
426 72 183 499 159 220
183 96 0 266 170 101
415 0 0 495 72 110
266 96 0 341 171 101
430 192 57 519 230 104
251 171 128 340 218 166
300 0 153 340 98 180
495 0 116 584 63 219
554 72 0 583 114 49
83 0 190 147 96 218
0 114 0 75 141 35
0 77 0 80 113 44
0 99 176 85 198 220
341 72 55 389 192 108
183 49 153 300 98 181
341 142 144 426 212 185
527 192 0 582 219 53
426 72 108 476 130 183
341 192 0 418 233 56
183 0 153 300 49 181
117 201 111 172 228 164
77 587 1000 220
0 114 35 75 141 70
41 0 0 82 77 45
118 0 45 182 110 84
136 0 111 176 98 190
0 0 150 93 98 189
254 0 102 340 85 153
89 195 52 176 229 107
541 0 32 579 59 60
183 171 109 251 230 218
85 196 176 180 221 210
122 114 70 183 195 111
543 174 183 586 226 218
183 98 153 238 170 181
341 129 0 413 189 55
519 192 57 585 229 106
341 72 144 426 142 185
183 0 181 262 76 213
86 187 111 114 229 162
262 0 181 329 74 218
61 114 70 122 195 111
0 195 0 108 231 52
482 72 60 553 192 107
341 125 185 405 178 217
405 72 185 425 126 214
341 178 185 404 229 216
0 0 78 59 114 111
59 0 45 118 114 78
554 146 0 587 190 46
0 0 45 59 114 78
0 99 111 117 187 176
495 0 0 541 60 64
541 0 0 584 66 32
476 72 108 586 131 183
378 0 0 415 69 60
509 131 108 584 232 183
341 72 0 414 129 55
183 69 102 254 138 152
82 0 0 181 57 45
251 171 0 337 231 64
85 99 176 180 196 213
543 72 183 573 174 208
418 192 0 527 233 57
76 114 0 129 195 70
0 72 190 74 95 219
183 0 102 254 69 152
0 187 111 86 226 173
93 0 111 136 99 189
183 0 0 275 95 63
117 99 111 182 201 146
500 72 183 543 149 220
554 72 49 587 186 106
238 98 153 338 168 181
275 0 0 341 96 102
254 85 102 339 171 153
495 0 64 586 47 116
129 114 0 182 195 70
341 170 108 424 213 143
341 0 0 378 69 60
341 0 60 415 72 165
420 72 55 451 190 108
341 0 165 435 69 217
415 0 110 494 71 165
482 72 0 554 191 60
0 198 176 78 232 218
435 0 165 486 63 218
0 0 111 93 98 150
426 72 183 499 159 220
183 96 0 266 170 101
415 0 0 495 72 110
266 96 0 341 171 101
430 192 57 519 230 104
251 171 128 340 218 166
300 0 153 340 98 180
495 0 116 584 63 219
554 72 0 583 114 49
83 0 190 147 96 218
0 114 0 75 141 35
67 587 233 1000
0 114 35 75 141 70
41 0 0 82 77 45
118 0 45 182 110 84
136 0 111 176 98 190
0 0 150 93 98 189
254 0 102 340 85 153
89 195 52 176 229 107
541 0 32 579 59 60
183 171 109 251 230 218
85 196 176 180 221 210
122 114 70 183 195 111
543 174 183 586 226 218
183 98 153 238 170 181
341 129 0 413 189 55
519 192 57 585 229 106
341 72 144 426 142 185
183 0 181 262 76 213
86 187 111 114 229 162
262 0 181 329 74 218
61 114 70 122 195 111
0 195 0 108 231 52
482 72 60 553 192 107
341 125 185 405 178 217
405 72 185 425 126 214
341 178 185 404 229 216
0 0 78 59 114 111
59 0 45 118 114 78
554 146 0 587 190 46
0 0 45 59 114 78
0 99 111 117 187 176
495 0 0 541 60 64
541 0 0 584 66 32
476 72 108 586 131 183
378 0 0 415 69 60
509 131 108 584 232 183
341 72 0 414 129 55
183 69 102 254 138 152
82 0 0 181 57 45
251 171 0 337 231 64
85 99 176 180 196 213
543 72 183 573 174 208
418 192 0 527 233 57
76 114 0 129 195 70
0 72 190 74 95 219
183 0 102 254 69 152
0 187 111 86 226 173
93 0 111 136 99 189
183 0 0 275 95 63
117 99 111 182 201 146
500 72 183 543 149 220
554 72 49 587 186 106
238 98 153 338 168 181
275 0 0 341 96 102
254 85 102 339 171 153
495 0 64 586 47 116
129 114 0 182 195 70
341 170 108 424 213 143
341 0 0 378 69 60
341 0 60 415 72 165
420 72 55 451 190 108
341 0 165 435 69 217
415 0 110 494 71 165
482 72 0 554 191 60
0 198 176 78 232 218
435 0 165 486 63 218
0 0 111 93 98 150
426 72 183 499 159 220
57 1000 233 220
0 114 35 75 141 70
41 0 0 82 77 45
118 0 45 182 110 84
136 0 111 176 98 190
0 0 150 93 98 189
254 0 102 340 85 153
89 195 52 176 229 107
541 0 32 579 59 60
183 171 109 251 230 218
85 196 176 180 221 210
122 114 70 183 195 111
543 174 183 586 226 218
183 98 153 238 170 181
341 129 0 413 189 55
519 192 57 585 229 106
341 72 144 426 142 185
183 0 181 262 76 213
86 187 111 114 229 162
262 0 181 329 74 218
61 114 70 122 195 111
0 195 0 108 231 52
482 72 60 553 192 107
341 125 185 405 178 217
405 72 185 425 126 214
341 178 185 404 229 216
0 0 78 59 114 111
59 0 45 118 114 78
554 146 0 587 190 46
0 0 45 59 114 78
0 99 111 117 187 176
495 0 0 541 60 64
541 0 0 584 66 32
476 72 108 586 131 183
378 0 0 415 69 60
509 131 108 584 232 183
341 72 0 414 129 55
183 69 102 254 138 152
82 0 0 181 57 45
251 171 0 337 231 64
85 99 176 180 196 213
543 72 183 573 174 208
418 192 0 527 233 57
76 114 0 129 195 70
0 72 190 74 95 219
183 0 102 254 69 152
0 187 111 86 226 173
93 0 111 136 99 189
183 0 0 275 95 63
117 99 111 182 201 146
500 72 183 543 149 220
554 72 49 587 186 106
238 98 153 338 168 181
275 0 0 341 96 102
254 85 102 339 171 153
495 0 64 586 47 116
129 114 0 182 195 70
341 170 108 424 213 143
47 587 233 220
0 114 35 75 141 70
41 0 0 82 77 45
118 0 45 182 110 84
136 0 111 176 98 190
0 0 150 93 98 189
254 0 102 340 85 153
89 195 52 176 229 107
541 0 32 579 59 60
183 171 109 251 230 218
85 196 176 180 221 210
122 114 70 183 195 111
543 174 183 586 226 218
183 98 153 238 170 181
341 129 0 413 189 55
519 192 57 585 229 106
341 72 144 426 142 185
183 0 181 262 76 213
86 187 111 114 229 162
262 0 181 329 74 218
61 114 70 122 195 111
0 195 0 108 231 52
482 72 60 553 192 107
341 125 185 405 178 217
405 72 185 425 126 214
341 178 185 404 229 216
0 0 78 59 114 111
59 0 45 118 114 78
554 146 0 587 190 46
0 0 45 59 114 78
0 99 111 117 187 176
495 0 0 541 60 64
541 0 0 584 66 32
476 72 108 586 131 183
378 0 0 415 69 60
509 131 108 584 232 183
341 72 0 414 129 55
183 69 102 254 138 152
82 0 0 181 57 45
251 171 0 337 231 64
85 99 176 180 196 213
543 72 183 573 174 208
418 192 0 527 233 57
76 114 0 129 195 70
0 72 190 74 95 219
183 0 102 254 69 152
0 187 111 86 226 173
93 0 111 136 99 189
37 587 233 220
0 114 35 75 141 70
41 0 0 82 77 45
118 0 45 182 110 84
136 0 111 176 98 190
0 0 150 93 98 189
254 0 102 340 85 153
89 195 52 176 229 107
541 0 32 579 59 60
183 171 109 251 230 218
85 196 176 180 221 210
122 114 70 183 195 111
543 174 183 586 226 218
183 98 153 238 170 181
341 129 0 413 189 55
519 192 57 585 229 106
341 72 144 426 142 185
183 0 181 262 76 213
86 187 111 114 229 162
262 0 181 329 74 218
61 114 70 122 195 111
0 195 0 108 231 52
482 72 60 553 192 107
341 125 185 405 178 217
405 72 185 425 126 214
341 178 185 404 229 216
0 0 78 59 114 111
59 0 45 118 114 78
554 146 0 587 190 46
0 0 45 59 114 78
0 99 111 117 187 176
495 0 0 541 60 64
541 0 0 584 66 32
476 72 108 586 131 183
378 0 0 415 69 60
509 131 108 584 232 183
341 72 0 414 129 55
183 69 102 254 138 152
27 587 233 220
0 114 35 75 141 70
41 0 0 82 77 45
118 0 45 182 110 84
136 0 111 176 98 190
0 0 150 93 98 189
254 0 102 340 85 153
89 195 52 176 229 107
541 0 32 579 59 60
183 171 109 251 230 218
85 196 176 180 221 210
122 114 70 183 195 111
543 174 183 586 226 218
183 98 153 238 170 181
341 129 0 413 189 55
519 192 57 585 229 106
341 72 144 426 142 185
183 0 181 262 76 213
86 187 111 114 229 162
262 0 181 329 74 218
61 114 70 122 195 111
0 195 0 108 231 52
482 72 60 553 192 107
341 125 185 405 178 217
405 72 185 425 126 214
341 178 185 404 229 216
0 0 78 59 114 111
59 0 45 118 114 78
17 587 233 220
0 114 35 75 141 70
41 0 0 82 77 45
118 0 45 182 110 84
136 0 111 176 98 190
0 0 150 93 98 189
254 0 102 340 85 153
89 195 52 176 229 107
541 0 32 579 59 60
183 171 109 251 230 218
85 196 176 180 221 210
122 114 70 183 195 111
543 174 183 586 226 218
183 98 153 238 170 181
341 129 0 413 189 55
519 192 57 585 229 106
341 72 144 426 142 185
183 0 181 262 76 213
0 587 233 220
