100
100 7
1010001
01
00000010
1
110
0111110
0
500 1
111000
1000 4
01
10100010
0111111
11
1000 0
910 10
1000001
10101
01
1001
00010
00101100
01101
1101
010110
10
799 9
11011
111010
000
1101100
001
1011001
0011100
00
1110
893 10
0001
101111
101
110
10110
00
10
101001
1101
11
867 9
11
1001001
10111
10
00
1000111
100
0110
011
187 9
000
1010
10
11011
1101001
0110111
01011101
11
00000
188 10
000111
1000
01100001
011
00100
00010101
0010
1110111
00010111
000000
12 10
1100
01010
010011
001101
10111
001
010100
1100010
111100
01
697 10
11
110011
000
11011
1110
0100
11111000
100111
1001010
10111
856 10
1100010
01
0001
01110
011011
100
110
011110
11011
1101
175 10
111001
00101000
10111010
1000
1100
1111001
0111
010
11010100
1100010
764 8
11011101
0111
11000010
000
100010
10101100
1100
0011
143 9
00011
10011
001000
0111
000001
00
1010100
11100
0011010
644 10
1100100
111
1011111
101001
100
11
1110
10111
01000010
00111
116 9
0101001
01
1100001
011111
011
0011010
100000
10001010
101011
763 7
0000
1100
0100010
1001010
00010110
00100001
0001110
603 8
000
1000011
101
1101000
0110
00
01
1111
529 8
101
010110
01
1000111
10
001
010000
01001
944 9
111110
110
1010111
00
1000001
0011000
1000101
11
0010
440 10
101
11000
01000101
00111
1010100
10001
01110
001010
01101101
10111
502 10
01001111
10
01011
001
1111111
000
1001010
00000010
11011000
110
808 10
11
0010
000
00
01100001
00010
00111111
00110
10
0110010
341 8
1100
01
011
00101111
000
101
10000101
01000111
57 10
1000
010001
00001001
0101101
100001
101
11
0110110
11001
10010001
518 9
01100
111100
11001
00111110
0011101
01
100100
00011111
00011000
456 9
0110111
110
011110
1001001
01
0011111
11110
1111011
11001
248 10
10010110
000010
10010
010110
00010
1101001
110011
0010
0101
11110
678 10
1001001
11
011111
111
11101
011
11010
00111111
10010011
01000101
563 10
001
000
01000
101001
0101
0110
01010000
000111
10111111
11110
254 9
00011
01011
100
0100
1110111
10101110
111
11011011
000
564 10
10
11101
1111
101100
11101000
1100010
11001
110
011
001011
698 10
0010001
01000101
001111
10101
11
10110
11001
0111000
11011111
10111001
640 10
100001
01110110
0110
1100
010
100
101010
0111111
1101110
0100
459 10
101101
01101010
11101000
11
010101
0010
00101000
1101001
00111
101001
386 10
1010100
000101
0101
1100
01110010
001
10100
010
1111000
00110
889 9
001111
11100
10000110
00
10
1011
001011
011
10101011
602 10
11
011
111101
001
1001000
110
10100000
1100
1110101
01
793 10
110100
0101
11110101
1101
110
00
01
01010
0011
10100
590 10
11
010
10
00011
111
1000
1001
0100100
01
101011
521 9
011001
00
0101101
1010101
11011
1011
110
0010
1001110
170 0
479 10
101
101010
010
11
01101
11111
10111101
00111010
01100
1010110
25 10
01
11000011
000000
010010
10000010
010
0110010
10001
011
11001
143 10
10101
11
1010111
001
01110101
10100
11011
11111
11001
01010110
361 10
0101
101000
0010
11
0110
100000
01
01000011
000110
1011
377 10
100
0000
010001
11111
00
10
001
1000110
0101
110011
401 10
101101
11111
01
10011100
11100111
11110001
1000110
00111
11
00100
594 10
00
0101101
10
1101100
0001110
101011
101101
1010
1001111
01010
711 10
10000
01
00110
11
10
1010
000101
10011100
00001
1111011
212 10
011
10
0110
11000
001
000011
000001
100110
000
11
442 8
01101001
1011
010100
01111
000
11
001011
00110
282 10
0010101
11011110
1001
100
0110110
100011
001010
00110011
10100011
111
313 10
01
0010101
1001110
110
101110
11
11000110
111111
1000
000
624 8
10010
1011001
11010111
1011
0001000
01100
0110
01011
425 10
0101
110001
11000101
100
101101
10101
00101011
0010010
11
0101001
652 10
11101
01
0001
1000
111
0100100
100
100101
111100
01100
940 9
000
001011
010001
111100
110
110011
1110011
01
0100
9 10
11100
110100
11110011
0010101
110001
00111
10
1100001
000000
10100011
823 10
10
1101
00110010
00001010
11101001
01011011
110
100010
0001
110110
591 9
000101
00
00100
01010
010
010001
101
110
10000101
907 9
0100110
01000
00
0111
010
1011
1110
0110
100010
33 10
11111
00
11111100
01101
0110
010110
1110011
00100
0111101
0000010
241 10
11011
11
0101
10
100
011010
01
1010011
0000
00100
316 8
00
000
1000011
001
10
1011101
0111111
10011101
814 9
011
001000
1100
001
10010
0001111
100110
01
101001
998 8
0000
1111
00111011
110
10000
10
001101
11
556 10
000
00000110
01000100
100011
1010
0001
110
0010110
011100
00000100
507 10
10001
01001100
101011
01101
01111
111
0001
101101
01
1111
884 10
010000
00100001
1010
10100
1001001
1101
00001011
1000100
11000
0000010
250 10
10111111
10110
1001
011111
00000011
000
1111111
001111
1110011
10
880 10
1111011
11010011
1101101
1101
10100
1000
10111001
101
10000010
011
121 10
00
1000101
00001
11011000
01101
1100100
0001
0100001
11001
1110
417 10
11
100
000001
0000
110
0010001
00010
01
1001
01111110
176 9
10
0010
01
00
010
0011
1000
0001000
110111
180 10
1100
000011
1000
1000000
10100001
00
01100110
010
111010
01111
291 10
01001000
01100
10001
01
110010
1000000
110011
1011100
100
10001001
174 9
11000
1100010
110
00011011
001111
10010
11
010
011010
335 10
0011111
01
10
0000110
1101
1101000
01000010
0111
010010
01001100
961 10
010111
101
011101
10
1110
0101101
0000
00011100
1010100
1111
546 10
0011100
0000
101110
0101011
1111
11
10
1000011
111111
11101011
736 8
10110001
10010
10000
01110
1000000
0010
00000
01010
660 10
0010
011
00110
0001
110010
11000
11
100001
00111011
0000001
554 10
1110
10000100
000
111
111110
00001110
010001
1111101
01
1000
231 10
1101
00011000
10
00111101
10010111
001
10000010
010
01101111
000011
814 10
01000001
011101
0100111
00
001
0100011
11
101
00010110
000101
166 10
001
00101
1000
110100
10000
01
101110
11010001
01100000
11
924 10
10001
11000101
111101
111001
00110
11011010
0101
01111
01
000
659 10
000
111101
0000
0101111
001101
01011
00
00000101
11
0101011
864 10
110101
0001010
10010
10
1111110
100
10111
010
00
110
190 8
1111
00101000
11
10100
0101110
11011
00111111
100
179 9
101101
00
0001111
1111011
0001
1101
01110
11011
11110
830 8
00
1100010
11
01011111
0100111
0000100
0111
01
851 10
11110
011
0011000
1001101
00100100
110
10
01
1101010
0000100
238 9
11011001
10010110
1011
0010101
11110111
000
111
10001010
01001
133 10
110
01010
110001
11110
111001
0101100
000110
10010001
11111100
1111
868 10
1100001
101000
00100000
01100
011001
1100011
1011
11
011011
0101001
624 10
10010100
01110
101
00110011
1011000
01011
0101
111
001111
101001
80 5
0001110
00100
110
00
0100100
15 10
10001
01010111
01
1001110
01010110
011110
10010100
01111
01011
001000
879 10
1111
10001100
01011
01101101
0000
0101011
011
0111
001
0101100
979 9
11
10
1010
100
1100001
111
001
010101
01111
