14
1 500
2 0 0 0 0
1 0 0 0 0
2 0 0 0 0
2 0 0 0 0
0 0 0 0 0
1 0 0 0 0
2 0 0 0 0
1 0 0 0 0
2 0 0 0 0
2 0 0 0 0
2 0 0 0 0
1 0 0 0 0
1 0 0 0 0
1 0 0 0 0
2 0 0 0 0
2 0 0 0 0
0 0 0 0 0
2 0 0 0 0
0 0 0 0 0
1 0 0 0 0
0 0 0 0 0
0 0 0 0 0
2 0 0 0 0
0 0 0 0 0
1 0 0 0 0
2 0 0 0 0
2 0 0 0 0
1 0 0 0 0
1 0 0 0 0
2 0 0 0 0
2 0 0 0 0
2 0 0 0 0
1 0 0 0 0
0 0 0 0 0
1 0 0 0 0
0 0 0 0 0
1 0 0 0 0
2 0 0 0 0
2 0 0 0 0
0 0 0 0 0
2 0 0 0 0
2 0 0 0 0
2 0 0 0 0
2 0 0 0 0
1 0 0 0 0
0 0 0 0 0
2 0 0 0 0
1 0 0 0 0
2 0 0 0 0
2 0 0 0 0
2 0 0 0 0
2 0 0 0 0
1 0 0 0 0
0 0 0 0 0
2 0 0 0 0
2 0 0 0 0
2 0 0 0 0
1 0 0 0 0
1 0 0 0 0
2 0 0 0 0
2 0 0 0 0
1 0 0 0 0
1 0 0 0 0
0 0 0 0 0
1 0 0 0 0
2 0 0 0 0
2 0 0 0 0
1 0 0 0 0
2 0 0 0 0
2 0 0 0 0
1 0 0 0 0
1 0 0 0 0
0 0 0 0 0
2 0 0 0 0
0 0 0 0 0
0 0 0 0 0
1 0 0 0 0
1 0 0 0 0
0 0 0 0 0
2 0 0 0 0
1 0 0 0 0
2 0 0 0 0
2 0 0 0 0
1 0 0 0 0
1 0 0 0 0
2 0 0 0 0
2 0 0 0 0
2 0 0 0 0
1 0 0 0 0
1 0 0 0 0
2 0 0 0 0
1 0 0 0 0
1 0 0 0 0
1 0 0 0 0
1 0 0 0 0
2 0 0 0 0
1 0 0 0 0
2 0 0 0 0
1 0 0 0 0
2 0 0 0 0
1 0 0 0 0
1 0 0 0 0
0 0 0 0 0
1 0 0 0 0
0 0 0 0 0
2 0 0 0 0
2 0 0 0 0
2 0 0 0 0
0 0 0 0 0
0 0 0 0 0
0 0 0 0 0
2 0 0 0 0
0 0 0 0 0
2 0 0 0 0
2 0 0 0 0
2 0 0 0 0
2 0 0 0 0
1 0 0 0 0
0 0 0 0 0
0 0 0 0 0
0 0 0 0 0
2 0 0 0 0
1 0 0 0 0
0 0 0 0 0
0 0 0 0 0
0 0 0 0 0
1 0 0 0 0
1 0 0 0 0
0 0 0 0 0
2 0 0 0 0
2 0 0 0 0
1 0 0 0 0
1 0 0 0 0
1 0 0 0 0
2 0 0 0 0
1 0 0 0 0
2 0 0 0 0
0 0 0 0 0
0 0 0 0 0
1 0 0 0 0
0 0 0 0 0
0 0 0 0 0
0 0 0 0 0
2 0 0 0 0
2 0 0 0 0
2 0 0 0 0
1 0 0 0 0
0 0 0 0 0
2 0 0 0 0
0 0 0 0 0
2 0 0 0 0
2 0 0 0 0
0 0 0 0 0
0 0 0 0 0
2 0 0 0 0
0 0 0 0 0
2 0 0 0 0
2 0 0 0 0
2 0 0 0 0
0 0 0 0 0
0 0 0 0 0
0 0 0 0 0
0 0 0 0 0
0 0 0 0 0
0 0 0 0 0
2 0 0 0 0
2 0 0 0 0
2 0 0 0 0
1 0 0 0 0
1 0 0 0 0
0 0 0 0 0
2 0 0 0 0
0 0 0 0 0
0 0 0 0 0
2 0 0 0 0
0 0 0 0 0
1 0 0 0 0
1 0 0 0 0
2 0 0 0 0
1 0 0 0 0
1 0 0 0 0
0 0 0 0 0
2 0 0 0 0
0 0 0 0 0
0 0 0 0 0
1 0 0 0 0
1 0 0 0 0
0 0 0 0 0
0 0 0 0 0
0 0 0 0 0
2 0 0 0 0
0 0 0 0 0
1 0 0 0 0
2 0 0 0 0
1 0 0 0 0
0 0 0 0 0
1 0 0 0 0
1 0 0 0 0
1 0 0 0 0
1 0 0 0 0
0 0 0 0 0
2 0 0 0 0
1 0 0 0 0
1 0 0 0 0
2 0 0 0 0
1 0 0 0 0
0 0 0 0 0
1 0 0 0 0
0 0 0 0 0
2 0 0 0 0
2 0 0 0 0
0 0 0 0 0
2 0 0 0 0
2 0 0 0 0
1 0 0 0 0
1 0 0 0 0
0 0 0 0 0
2 0 0 0 0
1 0 0 0 0
0 0 0 0 0
2 0 0 0 0
2 0 0 0 0
1 0 0 0 0
2 0 0 0 0
0 0 0 0 0
0 0 0 0 0
1 0 0 0 0
0 0 0 0 0
1 0 0 0 0
0 0 0 0 0
0 0 0 0 0
1 0 0 0 0
1 0 0 0 0
1 0 0 0 0
0 0 0 0 0
1 0 0 0 0
0 0 0 0 0
1 0 0 0 0
1 0 0 0 0
2 0 0 0 0
0 0 0 0 0
0 0 0 0 0
0 0 0 0 0
1 0 0 0 0
0 0 0 0 0
1 0 0 0 0
1 0 0 0 0
0 0 0 0 0
0 0 0 0 0
2 0 0 0 0
0 0 0 0 0
2 0 0 0 0
0 0 0 0 0
2 0 0 0 0
1 0 0 0 0
2 0 0 0 0
1 0 0 0 0
0 0 0 0 0
0 0 0 0 0
1 0 0 0 0
2 0 0 0 0
2 0 0 0 0
1 0 0 0 0
0 0 0 0 0
2 0 0 0 0
2 0 0 0 0
2 0 0 0 0
2 0 0 0 0
0 0 0 0 0
2 0 0 0 0
0 0 0 0 0
2 0 0 0 0
1 0 0 0 0
0 0 0 0 0
2 0 0 0 0
1 0 0 0 0
2 0 0 0 0
1 0 0 0 0
0 0 0 0 0
2 0 0 0 0
1 0 0 0 0
2 0 0 0 0
2 0 0 0 0
2 0 0 0 0
1 0 0 0 0
0 0 0 0 0
2 0 0 0 0
2 0 0 0 0
1 0 0 0 0
0 0 0 0 0
0 0 0 0 0
1 0 0 0 0
1 0 0 0 0
1 0 0 0 0
2 0 0 0 0
2 0 0 0 0
0 0 0 0 0
2 0 0 0 0
0 0 0 0 0
0 0 0 0 0
0 0 0 0 0
0 0 0 0 0
2 0 0 0 0
2 0 0 0 0
2 0 0 0 0
1 0 0 0 0
0 0 0 0 0
2 0 0 0 0
0 0 0 0 0
1 0 0 0 0
1 0 0 0 0
0 0 0 0 0
2 0 0 0 0
0 0 0 0 0
1 0 0 0 0
2 0 0 0 0
2 0 0 0 0
2 0 0 0 0
2 0 0 0 0
0 0 0 0 0
0 0 0 0 0
2 0 0 0 0
1 0 0 0 0
1 0 0 0 0
0 0 0 0 0
1 0 0 0 0
0 0 0 0 0
0 0 0 0 0
1 0 0 0 0
2 0 0 0 0
1 0 0 0 0
1 0 0 0 0
0 0 0 0 0
0 0 0 0 0
1 0 0 0 0
2 0 0 0 0
1 0 0 0 0
2 0 0 0 0
2 0 0 0 0
0 0 0 0 0
0 0 0 0 0
2 0 0 0 0
1 0 0 0 0
1 0 0 0 0
0 0 0 0 0
2 0 0 0 0
0 0 0 0 0
1 0 0 0 0
2 0 0 0 0
0 0 0 0 0
2 0 0 0 0
2 0 0 0 0
0 0 0 0 0
1 0 0 0 0
1 0 0 0 0
2 0 0 0 0
0 0 0 0 0
0 0 0 0 0
2 0 0 0 0
0 0 0 0 0
0 0 0 0 0
2 0 0 0 0
1 0 0 0 0
0 0 0 0 0
1 0 0 0 0
0 0 0 0 0
2 0 0 0 0
0 0 0 0 0
1 0 0 0 0
0 0 0 0 0
0 0 0 0 0
2 0 0 0 0
1 0 0 0 0
2 0 0 0 0
1 0 0 0 0
1 0 0 0 0
0 0 0 0 0
2 0 0 0 0
2 0 0 0 0
2 0 0 0 0
1 0 0 0 0
1 0 0 0 0
2 0 0 0 0
2 0 0 0 0
2 0 0 0 0
0 0 0 0 0
2 0 0 0 0
0 0 0 0 0
2 0 0 0 0
1 0 0 0 0
0 0 0 0 0
1 0 0 0 0
1 0 0 0 0
1 0 0 0 0
1 0 0 0 0
2 0 0 0 0
1 0 0 0 0
1 0 0 0 0
1 0 0 0 0
0 0 0 0 0
0 0 0 0 0
0 0 0 0 0
1 0 0 0 0
1 0 0 0 0
0 0 0 0 0
0 0 0 0 0
1 0 0 0 0
0 0 0 0 0
0 0 0 0 0
0 0 0 0 0
0 0 0 0 0
1 0 0 0 0
2 0 0 0 0
0 0 0 0 0
0 0 0 0 0
0 0 0 0 0
1 0 0 0 0
0 0 0 0 0
2 0 0 0 0
1 0 0 0 0
0 0 0 0 0
2 0 0 0 0
2 0 0 0 0
2 0 0 0 0
2 0 0 0 0
1 0 0 0 0
2 0 0 0 0
1 0 0 0 0
1 0 0 0 0
1 0 0 0 0
0 0 0 0 0
2 0 0 0 0
1 0 0 0 0
0 0 0 0 0
2 0 0 0 0
1 0 0 0 0
1 0 0 0 0
0 0 0 0 0
1 0 0 0 0
0 0 0 0 0
1 0 0 0 0
1 0 0 0 0
2 0 0 0 0
1 0 0 0 0
0 0 0 0 0
2 0 0 0 0
1 0 0 0 0
2 0 0 0 0
0 0 0 0 0
0 0 0 0 0
0 0 0 0 0
1 0 0 0 0
2 0 0 0 0
1 0 0 0 0
1 0 0 0 0
2 0 0 0 0
1 0 0 0 0
2 0 0 0 0
2 0 0 0 0
1 0 0 0 0
2 0 0 0 0
0 0 0 0 0
1 0 0 0 0
2 0 0 0 0
2 0 0 0 0
1 0 0 0 0
1 0 0 0 0
2 0 0 0 0
1 0 0 0 0
0 0 0 0 0
1 0 0 0 0
0 0 0 0 0
1 0 0 0 0
1 0 0 0 0
1 0 0 0 0
0 0 0 0 0
0 0 0 0 0
2 0 0 0 0
1 0 0 0 0
1 0 0 0 0
1 0 0 0 0
2 0 0 0 0
2 0 0 0 0
1 0 0 0 0
1 0 0 0 0
0 0 0 0 0
0 0 0 0 0
1 0 0 0 0
1 0 0 0 0
0 0 0 0 0
0 0 0 0 0
0 0 0 0 0
2 0 0 0 0
2 0 0 0 0
2 0 0 0 0
0 0 0 0 0
0 0 0 0 0
1 0 0 0 0
0 0 0 0 0
0 0 0 0 0
5 500
2 2 0 4 3
2 0 0 1 1
0 2 2 2 4
1 2 0 2 3
1 3 0 4 3
1 0 1 0 3
1 0 3 2 4
2 0 1 1 4
1 0 0 4 1
0 0 0 0 2
1 3 2 3 2
0 0 2 2 2
0 1 1 2 3
1 3 0 4 4
1 0 0 4 2
1 2 0 3 3
2 2 2 3 3
2 1 2 4 3
0 1 3 3 4
1 1 0 3 2
1 0 1 1 2
0 0 1 3 4
2 2 4 3 4
1 1 3 3 3
0 2 1 4 1
1 0 2 3 4
1 0 1 0 2
0 0 1 2 3
0 2 3 3 4
1 3 0 4 3
2 2 4 4 4
1 0 0 3 4
0 0 0 2 2
2 2 0 4 4
0 1 0 1 4
2 2 1 3 3
0 2 1 4 4
2 2 3 3 3
0 2 0 3 4
2 0 1 4 4
2 2 2 3 4
0 0 2 4 4
2 1 2 3 2
1 1 1 4 4
1 1 1 3 3
2 0 0 2 2
0 0 2 3 3
2 1 0 3 4
2 1 1 2 4
0 0 2 3 4
0 1 1 4 4
1 0 2 1 3
2 0 2 3 2
0 3 1 3 1
2 2 1 3 4
1 2 1 4 2
1 0 2 2 4
1 0 0 4 3
0 2 0 4 3
2 1 2 4 4
0 4 1 4 2
2 0 1 2 4
2 0 0 3 3
1 1 2 4 4
0 0 1 2 3
0 1 0 4 3
0 1 1 3 2
2 0 2 4 3
2 1 2 2 2
1 0 0 2 3
0 1 1 3 4
2 0 1 4 2
0 1 3 4 4
0 0 0 2 1
0 3 2 4 4
1 0 4 2 4
2 3 1 4 3
1 0 3 2 4
0 1 1 2 3
1 1 2 2 3
2 1 0 1 3
2 0 2 1 4
1 0 1 4 1
0 3 3 3 4
2 3 1 4 3
2 0 0 2 2
1 0 1 2 2
1 0 3 2 4
2 0 1 2 2
2 0 0 3 1
0 0 0 0 0
0 1 4 3 4
2 3 0 4 3
0 2 4 4 4
2 0 1 1 3
1 0 1 3 4
1 0 4 2 4
2 1 1 4 3
2 1 1 1 3
0 0 1 0 4
0 2 1 3 2
2 2 2 4 3
0 0 0 3 1
0 2 2 4 4
1 0 3 3 3
0 1 0 1 4
1 2 1 4 2
1 2 2 2 2
2 1 0 3 4
0 1 0 4 4
1 0 2 4 3
1 2 2 4 4
2 1 3 3 3
2 0 1 3 2
0 3 3 4 4
2 0 2 4 3
1 2 2 2 2
0 0 0 2 3
2 0 0 4 1
1 2 2 3 2
0 1 0 1 4
1 1 0 3 3
0 0 0 0 1
0 0 0 1 4
1 1 3 4 4
1 1 2 2 2
2 2 2 4 3
0 0 1 0 2
0 2 1 4 4
0 0 1 4 1
2 1 1 3 3
2 0 3 3 4
1 3 3 4 4
1 1 2 4 4
0 0 2 2 3
1 3 3 3 3
2 2 1 3 3
1 0 0 1 2
0 0 0 1 3
0 0 0 3 4
0 0 0 0 3
2 3 0 4 3
0 1 0 2 1
0 1 0 2 1
1 1 2 2 3
0 0 1 3 3
1 1 2 4 4
2 0 3 1 4
2 1 3 1 3
2 4 3 4 4
0 4 2 4 2
2 0 1 1 4
2 0 3 2 4
0 2 0 3 2
1 0 0 3 1
2 1 1 4 3
2 0 3 3 3
1 2 1 3 4
2 1 2 4 3
2 0 2 0 3
1 0 2 3 3
1 1 0 2 1
0 0 3 1 4
1 0 3 3 4
0 0 1 2 4
2 0 0 4 2
2 2 2 3 2
0 3 1 3 4
0 3 0 3 3
2 4 3 4 3
0 1 1 2 1
1 1 0 3 1
1 1 1 3 2
0 1 1 1 2
2 1 2 2 2
0 2 1 4 3
0 3 1 4 3
0 0 3 2 4
1 4 4 4 4
1 4 0 4 3
1 1 3 2 4
1 0 2 4 3
1 2 1 4 4
1 2 3 2 4
2 3 1 3 2
0 2 4 3 4
1 0 1 3 3
2 0 0 3 4
0 4 4 4 4
1 3 0 4 3
1 1 3 2 3
0 0 0 3 1
2 1 1 3 3
2 2 2 2 3
2 1 1 1 4
0 1 0 3 3
0 1 0 1 1
1 0 3 1 4
1 0 0 3 4
1 0 4 2 4
0 2 0 2 2
0 3 1 3 4
0 0 0 3 0
2 1 0 4 2
1 2 1 4 2
0 0 0 1 2
2 1 0 2 1
1 1 1 2 3
2 0 1 3 4
0 1 2 1 3
0 1 2 1 3
1 2 0 4 4
0 2 1 3 4
0 1 0 2 1
2 4 4 4 4
2 0 0 1 1
2 0 0 2 2
2 0 0 1 3
0 0 0 2 2
0 0 4 3 4
1 0 0 3 0
1 2 4 2 4
2 0 2 4 3
2 2 1 3 4
1 0 3 3 4
1 0 3 3 3
1 2 4 2 4
1 3 1 4 2
2 2 0 2 0
0 0 2 3 2
2 3 3 4 3
0 4 0 4 4
1 4 2 4 4
1 0 2 3 3
2 0 2 2 3
2 0 1 2 2
2 0 1 2 2
2 0 0 3 2
1 0 0 2 1
0 2 0 3 3
1 1 2 2 3
1 0 4 1 4
0 0 1 4 4
0 0 1 4 1
0 3 2 3 2
2 1 0 4 0
1 0 1 1 3
0 1 1 2 3
2 1 0 4 2
1 0 0 0 3
0 1 1 4 3
0 0 0 1 1
0 2 1 3 4
2 3 0 4 1
1 3 1 4 1
0 0 1 1 3
0 1 3 2 4
2 0 0 1 2
0 1 0 2 2
0 1 2 4 2
1 0 1 1 4
0 1 1 4 2
0 1 1 2 4
1 0 2 3 4
1 0 1 0 3
1 2 0 4 3
1 3 2 4 4
0 2 0 2 3
1 1 1 2 4
2 1 3 4 4
2 2 3 4 4
2 0 0 3 2
0 1 2 4 3
1 2 0 3 1
0 4 3 4 4
1 1 3 3 4
0 4 1 4 4
2 4 0 4 4
1 1 2 1 2
1 1 0 3 2
1 2 2 4 4
0 3 3 4 4
1 2 1 3 4
1 1 0 3 3
1 2 1 4 1
0 1 0 1 4
0 1 0 1 2
2 1 0 1 1
1 0 1 4 2
2 4 0 4 2
2 0 1 1 2
2 0 2 1 3
2 1 4 3 4
2 0 0 1 0
2 0 2 3 3
2 0 1 1 2
0 0 0 0 2
2 1 0 1 4
2 0 1 4 2
1 0 2 4 2
1 1 0 3 1
0 0 1 2 3
2 3 0 4 0
1 0 0 2 3
0 1 0 3 2
2 3 2 4 4
0 3 0 4 2
1 1 3 1 3
1 2 1 4 2
0 4 1 4 1
2 2 0 3 2
2 3 0 4 2
1 0 0 0 1
1 2 4 2 4
2 0 0 0 1
0 1 1 2 3
2 0 0 0 4
0 4 1 4 3
2 2 2 2 4
2 2 2 3 4
1 0 0 4 1
1 0 0 2 3
2 2 3 4 4
1 1 2 4 3
0 1 0 4 1
0 2 3 4 4
0 0 4 1 4
0 2 3 3 4
1 2 0 2 1
0 2 1 3 4
1 3 0 4 2
2 3 0 4 4
2 1 0 1 1
1 0 0 0 4
1 0 1 2 3
0 2 0 3 1
1 1 0 4 3
2 2 2 3 3
1 2 0 3 1
2 1 2 4 4
2 0 0 2 4
1 2 0 3 3
0 1 1 3 2
0 1 1 2 1
2 3 0 4 2
0 0 0 1 0
1 0 3 1 3
1 3 0 4 2
2 3 1 3 4
0 2 1 2 3
2 0 1 1 3
0 0 1 3 2
0 0 0 2 2
0 0 3 2 4
0 2 1 3 1
0 0 0 2 4
2 0 1 0 3
1 0 1 3 2
2 1 3 2 4
1 0 3 2 3
2 1 1 1 2
1 0 2 2 4
0 2 0 2 0
1 0 1 4 3
2 0 2 1 3
1 1 0 4 0
0 1 1 2 3
0 0 0 2 1
0 1 1 2 3
1 0 0 0 3
1 4 2 4 2
2 0 0 1 4
1 3 2 4 3
0 0 4 1 4
2 0 1 2 3
1 2 3 3 3
2 1 3 4 4
2 1 1 4 2
0 1 0 3 3
2 0 1 0 4
0 1 3 2 3
1 2 1 3 3
1 2 2 2 3
0 0 0 1 3
0 0 0 4 1
2 2 4 3 4
0 0 0 3 1
0 1 2 2 4
1 0 2 1 2
2 0 2 2 4
2 0 1 4 4
1 0 1 3 3
1 1 1 4 3
1 0 1 3 4
0 0 1 1 2
1 0 3 4 3
0 0 1 2 3
1 0 0 2 0
2 0 3 2 3
0 0 1 1 3
0 2 2 2 2
1 3 2 4 4
0 4 1 4 4
0 0 2 0 3
2 1 0 4 3
0 0 1 3 4
1 2 0 3 1
1 0 0 3 4
1 1 0 2 4
1 3 4 3 4
1 1 0 4 4
2 1 2 4 4
0 4 2 4 2
2 1 3 2 4
1 0 1 4 4
2 1 2 3 3
0 0 1 2 3
1 2 0 4 3
1 1 1 2 4
0 2 2 4 4
2 1 0 2 2
1 0 0 2 4
2 4 3 4 4
1 1 3 2 3
0 3 0 3 0
2 0 2 1 3
2 0 1 1 3
0 2 3 2 3
2 1 1 2 2
0 0 3 2 4
0 2 2 4 2
0 4 3 4 4
1 1 2 3 4
0 3 2 3 3
0 0 1 2 4
2 1 1 4 2
2 0 2 2 3
1 0 0 1 4
2 1 3 2 4
2 1 0 4 1
2 0 1 3 4
2 3 2 4 4
1 2 2 4 3
1 1 4 2 4
2 0 0 1 3
0 1 1 4 4
2 2 2 3 2
2 1 0 2 0
1 3 3 4 4
1 1 0 3 1
2 0 0 4 0
0 0 0 1 4
2 2 2 4 3
2 1 0 3 2
0 0 3 3 4
2 2 1 3 3
2 0 4 3 4
0 2 3 4 4
0 3 1 3 3
1 1 3 1 4
0 3 1 3 2
0 0 0 0 2
2 1 2 3 3
1 3 0 4 3
1 2 2 2 4
0 0 0 2 1
2 1 0 4 0
0 2 2 4 2
1 2 0 3 3
0 2 1 3 4
0 0 1 4 4
1 0 1 1 4
0 2 1 4 4
1 0 0 2 0
0 4 0 4 2
2 2 2 3 3
0 0 1 0 3
1 1 2 4 4
0 0 0 3 2
2 1 4 1 4
1 0 2 4 3
0 0 2 4 4
1 0 1 3 2
1 1 3 4 4
2 0 0 4 2
1 0 1 2 2
2 1 2 3 3
1 0 0 3 3
2 4 0 4 1
0 1 3 2 3
2 3 3 3 3
1 1 1 4 1
2 3 1 4 4
2 1 0 2 2
0 3 2 4 3
2 0 1 3 3
2 0 0 1 3
2 3 0 4 1
0 1 3 3 4
0 0 4 0 4
10 500
1 5 4 7 8
0 1 1 4 7
1 2 6 5 8
1 0 3 5 4
0 5 0 7 6
1 0 8 1 9
2 5 3 9 7
2 1 1 7 3
1 1 2 9 4
0 0 4 8 6
1 0 1 7 3
2 1 9 9 9
0 3 5 9 6
0 3 5 4 9
1 5 0 5 3
1 2 3 2 4
2 5 0 8 3
1 5 0 6 4
0 4 1 8 8
1 7 0 8 9
2 0 0 0 2
1 4 1 5 2
0 4 6 8 6
2 2 5 8 8
2 6 2 7 9
2 0 6 6 7
0 0 5 5 8
0 3 6 4 9
1 6 1 8 4
0 5 2 5 4
2 2 0 4 5
2 0 4 6 4
2 5 1 5 9
1 4 5 4 6
0 0 9 4 9
0 7 4 8 5
2 0 2 6 6
0 3 1 7 5
2 5 8 9 9
0 0 4 4 8
0 0 8 2 8
2 0 3 2 9
1 3 3 7 9
0 1 5 2 6
1 0 1 6 7
1 0 1 5 6
2 2 0 6 1
2 3 1 5 3
0 5 1 7 2
0 1 2 2 8
2 4 3 9 9
2 1 3 4 4
2 4 3 8 7
0 2 3 8 9
0 0 3 5 8
0 1 3 5 8
2 1 0 6 9
0 3 1 5 4
2 0 5 1 9
1 2 0 4 6
2 2 2 4 3
0 0 3 5 5
2 7 3 9 7
2 8 8 9 8
1 7 0 9 3
0 1 2 6 4
2 6 3 8 9
1 3 0 5 1
1 2 4 6 5
2 3 1 5 7
1 0 4 8 6
0 6 2 8 5
1 1 7 2 8
0 9 2 9 9
2 5 0 9 6
0 2 1 5 3
1 0 2 1 2
0 0 5 3 5
2 0 0 8 1
2 4 0 4 9
0 2 1 5 4
1 1 1 2 5
2 0 2 3 8
0 4 2 6 4
1 1 1 2 5
0 1 2 5 7
2 3 0 7 9
1 4 5 4 9
1 1 2 5 4
1 0 1 6 9
2 3 0 7 5
0 0 5 8 7
1 0 2 1 6
0 0 5 9 9
0 1 4 1 7
2 1 8 3 9
2 3 0 4 4
1 4 1 7 7
1 0 5 9 8
2 2 0 7 9
2 7 4 8 8
1 1 3 5 5
1 4 2 7 4
0 4 1 8 4
2 6 0 6 6
2 7 3 9 9
2 1 0 4 7
0 2 6 2 8
2 3 3 8 9
2 3 4 7 6
0 0 2 3 3
2 2 3 3 4
0 2 0 5 7
1 0 6 8 8
2 3 3 4 9
0 0 0 0 7
2 2 3 3 7
0 5 1 9 8
0 3 8 8 8
2 4 1 7 2
2 6 0 7 8
2 1 2 4 9
1 1 3 1 5
2 0 1 1 8
2 4 0 4 5
2 3 0 5 8
2 0 2 7 8
1 5 8 9 9
1 1 3 5 7
2 0 4 7 4
2 1 4 2 6
2 1 1 7 2
2 5 4 8 8
0 5 5 8 8
2 2 1 7 9
1 2 2 3 5
1 6 2 9 5
2 3 3 5 7
0 7 1 9 9
2 3 2 8 8
2 1 6 5 9
2 8 2 9 9
2 4 2 8 8
0 1 1 7 3
2 7 5 9 9
2 1 2 5 5
2 6 3 7 7
2 4 2 7 4
0 3 2 7 4
0 6 7 9 9
2 4 2 6 7
2 1 2 3 9
0 1 6 2 6
0 4 2 7 2
2 4 1 6 5
0 2 2 3 9
0 7 5 9 9
2 2 0 4 9
0 3 1 5 9
0 4 5 7 9
1 8 2 8 8
1 4 1 4 4
1 5 1 9 4
1 0 0 6 7
0 1 6 1 8
2 1 6 3 8
0 1 2 5 6
2 3 0 4 6
0 5 3 6 5
2 5 0 8 6
2 4 2 6 2
1 5 1 6 3
1 0 0 3 1
1 3 0 7 9
0 2 2 5 8
2 2 5 8 8
1 2 0 7 2
0 1 0 9 1
0 4 5 4 9
0 2 0 6 9
1 5 8 6 8
1 5 1 6 9
1 0 7 2 8
0 1 3 8 8
1 1 2 5 7
0 1 2 5 8
2 0 1 8 5
0 3 5 5 8
2 9 2 9 4
2 1 2 6 9
0 5 0 8 2
1 2 2 8 9
1 6 7 8 8
0 4 5 5 9
0 0 1 0 6
0 1 1 7 7
2 7 3 7 9
0 0 4 3 4
0 5 8 6 9
2 3 4 8 6
0 1 1 4 3
0 0 4 7 8
0 3 7 9 9
1 5 2 7 3
2 5 7 9 9
2 5 0 7 1
0 4 2 8 6
2 3 0 9 7
0 0 2 8 9
2 4 0 9 2
0 4 1 6 6
1 4 5 6 8
0 4 1 7 4
2 5 0 7 4
2 3 2 3 2
0 8 3 9 9
2 5 2 7 5
1 5 7 8 9
0 1 0 4 3
2 2 2 7 3
1 5 0 6 7
2 6 4 9 6
2 5 6 7 9
0 6 1 7 5
2 2 7 5 8
0 1 2 9 5
2 3 0 9 2
0 0 2 6 9
1 1 4 6 5
0 4 1 9 2
2 1 4 7 6
1 1 5 7 5
1 2 0 9 8
0 9 2 9 4
0 2 3 5 5
2 2 1 8 4
0 6 1 6 9
2 3 6 4 8
1 3 4 8 7
0 4 6 6 6
1 0 1 8 6
0 6 0 9 5
0 1 1 1 5
0 3 0 4 9
2 1 3 9 8
0 4 0 7 7
0 3 2 9 6
2 8 1 9 5
0 0 1 0 7
1 6 3 9 4
0 2 2 2 3
2 1 0 3 2
0 0 2 9 9
2 5 3 6 6
2 8 8 8 8
0 1 3 5 7
1 4 0 7 6
2 4 2 9 6
2 0 1 3 3
0 3 4 8 7
2 1 3 2 9
0 2 6 8 8
1 7 1 8 6
2 1 0 4 5
2 0 3 9 5
1 4 3 8 4
0 0 4 8 7
1 2 0 3 8
1 4 7 6 9
1 7 2 9 5
1 6 4 7 6
1 0 2 6 5
2 6 6 6 8
1 4 1 9 5
2 4 3 4 9
2 4 6 7 7
0 2 1 4 9
0 6 1 9 1
1 3 0 6 6
1 0 4 9 6
2 3 1 6 3
2 0 5 3 7
0 7 3 9 5
1 1 5 6 9
1 3 1 8 7
0 3 5 4 7
1 1 6 7 8
2 1 9 6 9
0 1 5 2 9
1 0 3 4 6
0 8 0 9 5
1 1 5 8 8
2 0 4 4 7
2 2 4 4 5
0 2 4 4 9
2 3 8 8 9
0 3 0 9 2
2 0 0 8 8
0 1 4 2 9
0 2 8 5 9
2 0 0 9 6
1 2 3 4 6
2 3 1 6 1
1 1 2 2 9
1 0 8 9 9
0 0 4 2 7
0 2 3 9 5
0 2 4 8 6
1 1 7 3 8
2 2 0 5 8
1 0 1 3 6
1 1 4 5 7
2 3 0 9 8
2 0 1 8 4
0 2 4 4 6
1 4 2 5 8
0 8 1 9 2
0 0 2 6 4
1 0 6 6 6
2 1 1 7 9
1 2 1 5 3
0 8 4 9 8
1 6 1 6 7
0 2 3 8 3
0 2 1 6 3
0 4 3 5 4
1 3 3 7 4
1 1 0 4 7
1 7 0 9 3
1 3 0 6 1
0 3 1 3 3
2 1 6 4 9
1 4 2 9 2
1 0 0 9 9
1 2 1 5 7
1 1 5 3 6
0 0 2 3 4
0 3 2 6 5
1 3 3 7 6
0 0 5 1 8
0 0 4 9 5
2 4 3 8 8
0 5 0 7 2
2 0 2 1 5
0 2 4 6 5
1 4 4 9 9
2 6 1 9 9
1 0 2 6 3
0 0 5 9 7
2 9 0 9 1
1 3 1 9 4
0 3 4 5 9
0 4 1 5 8
1 3 1 6 7
2 1 0 1 2
1 0 0 1 7
0 3 1 4 1
0 7 0 9 5
1 1 0 2 2
2 4 0 7 0
0 3 1 8 1
0 3 3 8 5
0 2 3 8 4
2 0 2 9 6
1 5 5 9 8
1 7 6 8 7
0 4 1 9 3
0 4 0 5 6
0 1 4 1 7
0 4 2 5 9
1 7 4 9 7
1 5 4 6 9
1 5 1 5 2
2 3 2 4 3
2 4 3 9 9
0 0 1 5 6
2 1 2 3 6
1 4 2 6 8
2 6 1 8 9
2 3 7 9 8
0 0 0 3 5
1 1 5 3 7
1 7 2 8 4
2 0 1 4 6
2 3 2 8 7
2 7 1 9 2
2 1 1 2 3
0 0 1 6 5
1 0 3 8 5
0 2 7 6 9
1 6 1 9 2
0 0 0 0 8
2 5 1 9 8
0 3 0 4 2
1 0 1 4 9
0 3 7 5 9
2 8 0 9 4
0 7 5 7 6
1 3 0 8 9
1 3 4 9 5
2 6 1 8 4
0 3 0 9 7
1 4 5 4 6
1 4 7 7 8
2 1 7 2 7
0 4 3 9 9
0 1 5 4 9
1 0 3 2 9
2 8 1 9 8
1 0 0 6 9
2 4 4 8 7
2 8 3 9 8
2 1 3 2 5
2 6 0 7 3
0 2 1 2 5
1 2 2 6 8
0 6 4 7 5
2 7 8 7 8
2 0 5 3 8
1 1 0 3 7
2 3 5 3 7
0 4 4 6 9
2 0 7 9 8
1 2 2 5 3
2 3 1 7 9
1 0 3 5 9
1 5 6 5 9
1 9 1 9 7
0 4 5 9 7
0 2 0 3 3
2 5 4 8 9
1 3 7 7 9
1 0 6 9 8
0 6 0 9 9
1 7 5 9 8
1 0 0 4 5
1 5 0 8 7
1 3 0 9 4
1 1 1 4 7
0 4 3 6 8
2 0 4 1 5
2 5 2 9 4
0 0 2 8 3
0 1 5 2 7
2 1 3 8 5
2 0 4 6 8
0 5 5 7 7
1 0 4 2 8
1 4 4 9 5
0 2 7 4 9
1 2 4 2 7
2 0 1 1 7
2 5 1 8 5
2 3 2 4 7
2 2 2 2 5
1 0 0 4 8
0 4 3 4 3
1 2 0 2 5
1 3 2 4 6
0 1 5 8 6
0 3 1 8 9
2 5 1 6 8
2 1 9 7 9
2 0 1 4 2
1 0 4 0 6
0 0 8 3 9
2 4 4 5 4
0 0 8 9 9
0 0 4 9 8
1 0 0 2 8
1 0 2 3 5
2 0 2 7 7
1 0 4 0 6
2 1 2 5 9
2 0 3 6 6
0 6 6 7 6
0 2 4 3 8
2 1 0 7 9
0 1 3 7 3
2 1 1 7 9
1 0 3 1 8
0 3 6 4 7
1 2 4 5 8
1 7 3 9 6
0 4 1 6 4
0 7 0 8 6
0 3 5 5 6
2 6 2 8 4
0 3 3 5 9
2 8 0 9 2
2 5 4 5 9
1 0 0 5 9
0 1 2 4 3
0 6 3 8 9
0 1 0 5 1
1 6 2 9 2
1 6 2 9 3
2 1 0 4 8
0 6 5 8 9
2 3 2 6 8
20 500
1 4 10 15 14
0 1 5 11 18
1 4 0 5 13
2 7 1 17 9
2 18 7 19 14
0 2 9 5 19
0 6 7 7 8
0 9 2 16 3
0 11 8 17 8
1 13 4 14 8
0 5 4 8 4
0 0 2 11 11
0 2 5 10 10
2 0 0 18 7
0 2 12 5 14
0 9 5 12 18
1 6 0 11 4
1 6 13 6 15
1 4 12 16 19
0 7 7 16 7
0 0 7 5 17
1 3 3 3 17
2 1 17 15 18
2 11 9 14 13
0 8 8 10 12
1 10 3 16 18
2 4 1 9 14
0 0 5 8 8
0 1 1 11 5
1 9 7 12 11
0 4 2 5 7
0 8 9 12 17
0 11 13 18 18
0 13 8 19 15
0 10 5 19 16
0 3 18 18 19
0 3 6 7 18
0 2 0 13 16
2 0 14 17 18
1 1 13 8 18
2 18 1 19 5
0 16 5 16 19
1 12 1 18 16
0 7 10 8 18
0 10 7 19 9
2 13 3 16 5
1 13 2 19 6
0 15 4 19 11
1 7 14 8 14
2 2 7 7 12
1 18 6 19 11
2 12 4 17 8
0 8 14 9 16
0 6 5 18 17
0 5 1 17 7
1 3 9 7 10
0 12 0 19 12
1 11 5 16 5
2 14 16 16 17
2 8 9 16 16
0 8 4 18 4
2 7 8 9 19
0 1 6 1 15
2 2 0 13 18
1 9 1 13 3
0 0 11 11 15
2 2 4 2 10
2 1 8 17 13
2 14 3 19 6
2 2 5 12 16
1 4 5 12 16
2 13 5 18 17
1 1 10 11 10
2 7 16 13 19
1 18 1 18 17
0 12 11 13 16
1 2 1 14 9
2 2 2 8 8
0 0 9 16 17
0 1 1 18 6
1 7 5 18 19
2 8 1 14 16
0 5 7 7 19
2 0 4 14 19
2 0 4 17 9
1 14 5 17 15
1 10 2 15 11
1 2 8 10 11
0 12 0 16 16
2 11 2 11 8
2 10 5 18 8
0 0 13 18 17
0 4 12 15 13
2 4 1 15 8
0 0 11 4 18
2 17 6 19 12
0 11 14 14 17
0 11 2 14 9
0 7 1 10 3
0 11 2 17 17
1 3 17 17 19
1 3 2 18 14
0 12 2 12 17
1 8 11 11 18
2 3 10 12 11
2 1 7 15 8
2 1 3 7 7
2 14 6 17 15
1 11 9 19 19
0 2 0 6 12
2 0 0 1 1
1 18 4 19 11
0 0 2 9 5
0 0 10 13 11
0 7 7 18 11
0 2 7 7 16
2 5 6 9 10
2 8 5 15 14
0 3 3 16 17
0 2 6 7 9
2 0 8 5 15
1 13 16 17 16
1 5 7 11 10
1 7 4 12 15
0 6 10 14 16
0 5 18 7 18
0 6 2 19 12
2 8 1 12 11
0 4 6 17 8
0 3 7 12 11
0 17 0 19 17
1 10 0 14 17
1 6 18 19 19
2 12 1 18 17
0 6 9 13 13
0 14 8 16 18
1 1 0 11 3
2 16 6 19 9
1 15 4 19 8
1 6 6 12 18
1 11 0 13 6
0 2 0 9 3
0 6 6 6 14
1 6 0 10 6
1 7 4 18 18
0 7 1 18 10
1 10 4 13 9
0 0 2 3 7
1 2 2 5 9
2 1 5 15 6
2 3 6 19 18
2 6 0 9 6
0 2 1 6 3
2 15 9 17 19
2 2 7 15 12
2 3 12 15 15
2 2 10 5 17
1 5 7 5 7
0 3 5 16 15
2 1 3 3 15
2 1 13 16 17
0 3 4 4 16
2 8 2 15 15
1 6 0 13 14
1 12 4 17 16
0 6 3 6 16
1 11 5 16 5
1 18 11 18 19
0 7 14 10 15
0 14 5 15 7
2 8 0 19 2
1 2 8 15 15
2 18 6 19 13
0 0 8 1 13
2 8 5 18 12
1 7 2 11 14
1 8 1 9 17
2 5 3 6 5
0 5 5 6 13
0 0 0 7 11
0 3 1 7 3
2 6 0 9 2
0 9 18 18 18
2 0 0 5 9
1 2 2 7 5
0 7 7 15 9
0 11 4 11 4
0 5 4 9 16
0 8 0 16 0
2 6 7 8 18
0 3 12 8 16
1 15 16 18 17
0 1 11 6 13
2 5 11 10 13
2 6 17 8 19
0 6 1 10 10
1 6 8 14 12
1 12 7 16 18
2 2 3 19 8
0 10 16 16 18
2 6 3 17 3
1 1 10 5 14
2 13 4 14 14
1 4 1 9 3
2 1 3 2 18
0 1 0 14 5
1 16 10 16 17
2 12 10 17 10
2 9 9 15 11
2 6 13 15 19
0 4 7 13 15
2 2 7 15 16
1 4 8 8 12
0 10 7 17 11
1 6 7 16 14
1 5 3 7 11
2 6 2 19 9
0 0 3 7 6
2 10 5 13 10
2 11 2 11 12
0 0 1 5 18
1 11 5 12 17
2 10 2 11 10
1 7 10 12 19
1 0 12 13 16
1 12 9 19 13
0 4 6 13 16
1 0 2 4 12
1 9 7 13 15
2 14 3 19 16
2 2 6 10 15
1 5 2 8 8
2 2 7 9 13
0 6 1 13 10
0 15 3 17 6
2 0 6 16 13
1 1 1 17 1
2 3 18 16 18
2 8 10 14 19
1 6 5 15 12
2 17 0 18 8
0 17 11 18 18
1 5 0 17 6
2 2 16 4 17
0 16 4 18 6
2 0 16 13 18
2 8 1 8 2
0 3 6 12 10
2 2 16 8 18
0 1 4 6 13
2 2 11 17 15
1 1 4 7 17
1 0 6 4 14
1 5 4 16 5
2 0 4 5 9
1 11 7 17 7
2 3 12 6 15
2 9 1 17 6
0 6 11 19 16
0 4 5 10 17
1 3 14 15 17
0 8 3 15 14
1 3 0 16 8
0 0 3 13 9
0 3 18 7 19
0 10 3 17 17
2 3 10 13 14
2 3 17 18 18
2 8 8 14 12
0 4 6 8 7
0 7 5 17 11
2 0 18 5 19
0 2 6 8 17
0 5 10 18 11
1 2 3 17 9
1 0 3 6 17
2 8 6 10 6
1 9 2 19 13
0 0 15 17 15
0 10 9 16 15
0 4 15 17 15
2 0 9 8 10
2 7 3 17 5
2 6 12 14 14
1 1 1 5 15
1 11 0 18 13
1 5 9 6 10
1 7 3 15 19
2 8 6 13 8
2 7 5 9 6
1 7 10 13 16
1 9 3 13 9
0 11 3 11 18
0 2 0 8 8
2 0 5 6 18
2 5 6 19 13
1 9 4 14 19
0 7 1 8 15
0 3 5 10 7
2 4 12 5 13
2 17 5 17 12
1 10 11 16 14
1 11 5 18 16
2 4 6 9 12
0 11 0 12 5
1 8 7 19 17
0 11 4 12 13
0 0 8 7 17
0 10 10 19 16
1 11 0 18 16
0 8 13 14 17
1 7 8 19 16
0 8 13 16 15
1 8 6 11 13
1 7 1 13 7
1 12 0 15 12
2 0 8 15 13
1 3 12 15 14
2 8 3 10 15
0 5 0 7 5
1 12 11 18 13
2 1 8 13 16
2 7 12 19 17
2 9 13 12 18
0 6 2 18 10
1 7 14 17 14
2 2 5 6 14
2 3 1 8 4
1 7 18 10 18
1 12 7 14 18
1 8 0 9 12
0 12 15 14 17
0 7 0 10 10
2 3 4 4 14
1 2 10 18 15
1 11 4 18 17
1 0 7 4 17
1 15 7 19 17
0 0 9 8 13
1 4 10 19 16
0 8 0 10 13
1 6 7 12 11
0 0 2 1 5
0 13 7 14 8
0 2 7 6 8
2 13 2 17 12
1 1 5 15 6
1 1 8 3 12
1 6 13 13 14
2 6 2 15 9
1 2 6 14 11
2 4 4 15 4
2 1 0 11 3
2 8 9 19 10
2 8 0 12 3
2 5 4 14 11
2 4 17 6 18
0 3 15 19 16
0 13 16 18 16
1 5 3 15 7
0 8 17 19 19
1 12 2 16 11
2 4 7 9 8
0 15 2 19 2
0 7 8 11 14
0 9 5 10 18
1 4 5 8 15
1 7 3 15 16
0 9 4 14 6
1 2 9 11 18
2 0 3 4 5
1 2 0 8 1
1 7 11 12 19
1 0 5 5 10
1 1 15 8 18
2 4 11 7 15
2 0 5 1 17
0 1 9 3 15
0 2 5 11 9
2 4 4 15 12
1 4 5 15 15
0 15 1 18 15
0 9 2 19 7
1 3 11 19 11
0 16 18 18 19
2 1 1 11 13
2 6 2 9 17
0 15 18 15 19
1 0 4 14 18
1 13 11 16 13
1 12 3 13 19
2 0 6 16 12
1 3 1 4 12
0 2 2 13 9
2 4 0 9 16
2 5 6 12 12
0 5 8 10 16
0 8 13 14 16
0 5 1 5 9
0 8 18 16 18
2 2 8 19 13
1 3 1 16 8
0 1 7 4 7
1 1 5 2 9
0 9 8 10 11
1 5 7 17 10
0 5 2 6 2
2 8 0 15 16
1 6 7 13 18
0 4 5 6 6
0 8 4 16 18
0 3 12 19 15
2 7 6 17 17
1 9 16 17 18
1 2 8 14 15
0 18 7 19 12
0 0 3 9 16
2 1 8 6 14
0 2 7 3 16
1 3 12 5 16
2 6 14 11 14
0 0 6 3 10
1 14 0 18 2
2 5 4 13 13
0 8 3 11 15
1 3 3 16 5
2 12 4 17 9
0 4 1 6 4
1 10 0 12 7
0 5 1 13 2
2 9 6 18 8
2 13 3 16 7
0 0 4 14 15
2 1 0 4 5
2 9 17 12 18
2 18 6 19 9
0 4 7 6 17
1 0 1 11 15
1 7 6 13 8
1 3 4 18 17
0 0 11 14 13
2 10 7 17 11
2 0 11 4 19
0 0 6 10 13
2 3 2 10 5
0 6 14 15 18
2 3 6 13 18
1 12 2 18 18
1 14 18 16 19
1 1 6 10 12
0 4 2 4 15
0 4 1 8 16
2 8 10 19 13
0 15 2 15 14
0 14 3 15 10
0 4 1 12 8
1 1 1 4 2
2 0 1 16 15
0 14 7 18 13
2 6 4 8 5
0 7 11 9 18
2 2 2 2 7
1 8 13 12 18
2 8 10 11 16
1 9 4 9 17
2 1 5 9 18
2 1 7 9 19
0 13 5 14 10
2 9 2 14 8
2 7 7 12 16
2 10 8 12 19
2 3 5 7 13
2 15 4 18 11
1 3 4 12 6
0 1 13 11 15
2 8 1 16 11
2 0 7 13 11
0 9 6 12 9
1 3 1 10 7
0 5 5 17 11
2 2 4 10 15
0 10 1 15 11
0 9 7 17 15
2 2 6 12 9
2 4 10 4 19
0 13 2 16 11
1 7 8 17 18
0 0 9 17 14
2 4 12 19 19
2 8 2 17 3
2 3 0 17 18
2 4 3 7 4
0 3 12 11 12
0 9 5 10 15
0 2 11 11 17
1 8 3 14 7
0 1 6 19 13
1 4 0 10 12
1 5 6 5 6
2 6 0 16 16
30 500
2 4 15 13 19
1 6 12 29 26
0 2 6 26 20
0 3 12 4 16
0 5 16 20 21
2 7 8 13 23
0 12 22 13 25
1 1 11 16 17
0 25 11 29 17
2 16 16 23 16
0 3 4 14 7
0 22 9 26 21
0 1 6 21 17
1 12 1 15 20
2 16 4 20 7
0 9 5 25 21
2 7 20 12 26
0 8 14 21 29
2 1 20 28 21
1 1 15 24 16
1 16 13 28 29
0 0 0 5 21
1 18 6 27 26
2 8 3 13 21
1 0 0 25 6
1 0 10 5 25
1 0 6 26 18
2 16 4 21 9
2 3 3 6 6
0 5 0 7 7
1 3 0 28 4
1 10 10 26 11
1 8 2 10 18
2 2 14 21 16
2 10 7 23 15
1 8 22 29 26
1 18 3 19 20
2 9 4 13 5
2 0 19 19 28
0 14 6 16 18
2 6 0 18 12
1 9 21 26 22
0 27 13 29 29
1 7 8 27 14
2 5 16 12 27
0 12 1 13 2
2 17 8 28 14
1 1 1 9 18
1 5 8 29 13
2 7 8 27 15
0 0 7 20 10
0 12 16 14 26
2 0 13 3 19
1 9 1 15 10
0 11 2 20 13
2 1 13 17 26
1 28 2 28 14
0 2 20 23 22
2 6 11 28 23
1 24 15 24 21
1 22 9 28 11
1 19 4 28 4
0 18 28 26 28
2 19 10 24 19
2 25 10 27 18
0 8 23 17 25
1 10 20 19 23
2 16 7 22 29
0 1 3 2 22
2 9 5 27 10
1 3 3 14 15
2 17 15 21 15
0 4 15 26 24
0 10 5 12 20
2 16 21 16 24
0 17 9 17 12
1 4 8 23 12
2 1 1 16 21
2 13 5 21 6
0 3 13 20 20
0 1 13 1 22
0 13 8 18 19
0 17 14 20 15
1 10 1 17 28
0 12 15 28 19
2 19 24 23 26
0 9 11 13 13
0 15 22 24 28
0 4 5 15 22
0 0 19 29 27
0 4 0 12 11
0 15 16 26 29
1 24 11 28 23
0 17 10 26 22
0 16 15 23 28
1 1 10 11 13
2 4 2 19 7
2 7 0 23 16
2 19 8 23 10
1 6 2 7 16
0 10 15 17 16
2 12 23 27 24
2 12 9 23 12
1 18 23 26 27
1 15 0 25 22
1 8 12 21 17
2 10 1 27 17
2 17 13 21 18
1 28 12 28 22
0 25 3 27 6
2 1 7 4 21
0 22 7 29 12
0 5 3 11 11
2 20 8 22 14
2 23 2 24 9
1 15 8 27 15
0 1 4 18 17
0 0 2 16 25
0 1 24 2 28
1 14 28 23 28
0 21 23 29 27
1 7 6 29 15
0 8 5 17 21
0 9 13 19 16
2 0 8 4 19
0 0 24 13 24
1 16 2 20 5
0 0 13 4 23
2 9 6 18 8
2 5 6 13 25
1 0 9 2 16
2 0 14 27 23
1 7 18 26 21
1 1 24 14 25
0 10 9 24 18
2 17 4 22 8
2 0 14 24 22
2 4 14 10 25
2 6 4 29 28
0 5 20 10 28
0 14 18 23 25
2 0 9 29 23
0 0 0 21 4
1 2 0 18 19
0 22 1 25 4
0 10 12 19 21
1 15 4 22 13
1 5 15 9 16
2 19 0 27 28
0 0 6 11 14
2 6 16 18 28
2 6 4 10 7
2 18 0 28 23
0 23 8 26 29
2 10 12 16 27
2 22 16 22 19
0 21 15 25 24
1 4 3 28 4
0 19 14 27 18
0 5 1 12 18
0 0 8 21 11
2 20 10 29 11
0 2 11 6 26
2 6 15 26 15
0 22 24 26 29
2 1 27 28 28
1 1 9 10 22
1 1 4 21 23
2 2 4 23 28
0 3 14 29 22
1 10 12 17 24
2 3 3 8 17
1 0 3 6 28
1 10 5 12 7
1 19 25 20 27
0 2 13 17 27
1 22 7 25 29
1 8 21 14 23
1 4 18 24 20
0 8 4 26 21
2 5 10 18 17
2 25 5 28 15
0 9 11 24 15
2 1 1 7 10
0 15 8 21 24
0 1 15 21 26
1 11 23 17 28
0 22 4 29 6
1 6 12 11 17
0 6 3 13 21
2 12 12 28 19
2 7 7 18 15
0 2 9 25 11
1 1 2 1 6
1 4 18 20 21
0 9 2 13 8
1 11 0 22 16
1 2 12 5 20
0 4 3 24 9
2 8 7 14 26
2 22 8 29 27
0 6 10 29 26
0 9 23 13 26
1 2 16 21 28
2 9 19 15 25
1 8 5 24 15
0 4 14 21 15
1 15 4 21 11
0 15 13 29 20
0 4 19 27 29
2 12 18 13 27
1 21 2 27 29
1 7 27 10 29
2 3 8 21 25
0 18 8 24 22
2 1 9 5 13
1 14 6 15 22
1 12 16 18 27
2 14 5 14 28
0 24 13 25 14
0 0 1 19 22
0 16 3 20 23
0 2 1 16 19
1 0 1 10 7
0 14 11 16 17
0 3 10 19 11
0 16 24 24 27
2 0 5 21 23
1 0 6 8 17
1 0 2 12 24
2 14 11 26 12
0 7 20 29 22
1 14 0 16 13
2 17 7 22 17
2 3 2 23 11
0 1 3 28 22
2 3 8 15 25
1 25 14 27 24
0 3 4 24 23
0 3 1 29 27
2 5 15 29 26
2 22 18 22 28
2 9 13 18 26
0 0 0 1 10
1 21 11 21 18
0 8 20 13 29
2 21 0 27 5
0 17 15 26 24
0 1 5 8 25
2 4 5 10 29
0 8 21 29 26
2 8 27 13 29
0 16 15 24 25
0 10 8 26 9
1 1 17 29 29
0 4 7 15 22
1 12 12 12 16
1 9 1 11 21
0 10 12 23 13
1 7 11 9 28
2 13 7 25 12
2 1 8 8 28
2 1 6 3 27
0 8 16 28 27
1 23 2 27 25
1 15 3 18 9
2 4 0 20 14
1 22 24 27 24
1 5 22 28 24
0 21 13 27 16
1 13 2 18 10
2 1 5 24 19
1 6 22 25 26
0 25 5 27 27
1 0 10 4 13
1 6 17 14 18
1 12 4 24 24
2 0 24 11 25
1 20 6 29 10
2 8 16 24 21
0 6 13 16 19
1 4 5 11 22
2 21 22 25 23
0 0 7 12 11
2 21 0 24 11
1 7 1 18 19
1 6 11 15 21
0 5 7 25 8
2 3 9 26 25
1 7 14 15 16
2 21 12 21 27
0 11 15 22 21
0 7 10 27 25
2 10 4 17 21
2 7 23 21 25
0 8 16 18 28
2 1 8 20 29
0 8 23 29 29
1 17 20 21 23
1 7 16 16 19
0 5 10 14 15
2 16 0 16 1
2 8 10 8 19
2 16 3 24 24
1 19 4 23 4
2 1 7 23 20
0 12 16 25 21
0 15 3 25 14
2 17 11 26 27
2 10 1 24 20
2 17 12 24 24
1 4 17 13 19
1 9 6 25 10
0 9 22 27 26
0 10 21 13 24
1 4 8 18 28
0 2 3 28 7
2 15 14 22 21
0 9 23 13 26
2 12 21 24 26
1 4 0 25 20
2 8 0 27 12
1 0 3 22 23
1 20 1 22 15
0 6 4 11 4
2 7 7 20 9
0 22 1 26 18
0 2 3 5 21
1 8 17 12 19
2 24 20 26 29
1 14 4 29 26
2 25 5 26 18
2 4 19 24 26
1 1 2 18 4
0 12 17 17 29
0 24 4 29 21
0 5 7 9 27
0 0 16 5 26
0 9 8 21 15
0 3 4 21 28
0 25 3 26 5
1 14 2 28 18
2 17 21 26 22
1 10 1 18 22
2 12 18 27 25
1 2 3 5 7
1 10 9 24 16
2 19 8 24 8
1 7 15 12 25
0 5 4 12 12
2 20 4 20 15
2 1 7 6 16
1 22 1 28 4
2 20 13 23 28
2 3 9 24 14
2 14 4 18 21
2 9 4 24 5
1 4 1 12 2
1 9 8 11 22
2 3 9 19 28
1 21 4 29 21
0 0 15 13 19
0 7 12 10 20
1 2 1 16 2
2 1 8 15 26
0 2 13 26 14
0 14 0 21 24
2 13 2 17 19
1 22 13 24 14
1 20 3 21 7
2 5 2 25 25
0 1 4 13 27
1 4 4 18 10
1 11 2 23 7
1 5 25 8 28
2 12 6 22 14
0 3 11 13 20
1 8 0 11 21
2 9 12 15 24
2 0 16 14 25
0 9 1 27 10
2 3 6 20 7
0 10 9 12 25
1 19 25 27 25
0 10 5 21 7
2 18 0 26 27
1 10 2 23 2
2 8 0 20 27
2 10 16 24 22
1 3 15 7 16
1 13 4 28 18
1 17 2 26 5
1 21 0 28 13
2 1 11 9 25
2 4 1 26 27
2 4 14 12 23
2 14 18 27 26
2 9 11 24 21
2 2 9 14 9
1 18 7 23 28
2 21 17 29 17
2 3 15 22 29
0 13 16 14 19
2 13 3 26 28
2 15 2 24 11
2 19 8 26 29
2 6 0 23 2
1 15 10 16 14
2 0 6 18 26
2 6 18 6 26
0 1 4 13 5
1 10 16 18 27
1 6 6 17 9
1 9 14 17 24
2 2 1 27 7
0 5 5 29 13
0 2 11 6 21
2 4 8 24 25
0 1 22 25 25
0 13 8 20 20
2 19 0 23 5
1 18 26 19 28
2 17 3 26 27
1 9 7 27 18
2 15 7 18 25
2 11 3 11 24
0 5 8 17 23
0 11 7 21 16
0 2 16 10 22
0 2 19 24 21
1 14 20 26 29
2 1 9 25 29
2 12 19 29 24
2 16 13 18 27
0 9 17 11 29
0 1 6 13 20
2 20 2 29 29
0 4 20 14 20
2 7 4 26 5
1 15 8 28 28
0 16 4 18 16
1 10 14 21 23
2 2 15 6 29
0 4 3 15 27
0 15 0 16 11
2 9 12 24 28
1 3 16 17 22
1 4 21 22 28
1 4 17 25 17
1 21 25 29 26
1 20 6 20 20
2 7 17 27 26
1 1 2 8 28
2 18 3 22 18
1 12 12 27 15
0 13 9 29 18
0 10 4 18 16
0 23 1 24 16
1 2 10 22 26
1 1 7 27 24
2 1 14 17 24
1 13 0 16 16
0 12 3 16 5
1 15 3 19 10
0 12 23 27 24
1 1 15 8 26
1 20 4 20 14
1 18 23 27 29
0 15 3 16 25
2 4 14 16 19
2 11 25 15 26
1 5 10 28 24
2 8 13 22 24
0 9 6 22 25
2 0 7 10 22
1 5 1 18 27
1 3 7 7 18
0 6 1 20 9
2 20 4 24 27
0 2 15 2 16
2 5 3 17 14
2 0 0 17 1
1 6 12 15 29
0 3 11 27 11
1 20 10 24 20
1 0 7 10 29
0 24 12 25 22
1 14 14 22 26
2 16 5 25 12
2 5 2 24 4
1 16 11 19 11
0 15 7 19 25
2 20 15 24 22
1 3 2 12 10
0 2 5 8 5
2 10 6 19 24
2 2 21 2 21
0 19 21 25 21
0 4 17 25 19
0 2 2 22 26
40 500
1 15 8 27 23
2 4 11 7 14
2 9 10 39 19
1 34 4 36 7
0 6 7 23 30
1 14 28 31 34
0 19 0 24 34
2 7 7 36 27
0 23 5 24 20
2 28 3 34 13
1 8 23 21 31
0 15 25 28 39
1 7 7 28 13
1 14 21 22 33
2 9 2 10 39
0 24 23 32 37
0 30 9 35 10
1 23 6 37 20
1 23 5 32 34
2 22 21 26 35
1 12 10 29 28
0 9 0 32 31
0 9 0 31 25
1 18 21 37 26
0 22 25 34 34
1 13 13 21 22
0 4 9 23 29
0 19 5 28 9
0 1 3 16 28
1 7 14 23 27
1 11 25 34 39
2 23 5 27 13
2 3 11 5 38
0 25 6 39 25
2 14 3 35 20
0 6 28 11 31
2 8 13 39 38
2 3 18 37 37
0 2 8 4 27
2 8 31 32 36
1 7 9 25 36
1 23 12 36 14
0 6 0 13 34
2 10 8 13 20
0 8 27 23 37
1 11 5 21 11
2 7 6 16 36
1 9 2 27 24
0 9 19 20 20
0 11 0 25 18
2 3 27 5 39
1 16 4 24 15
2 16 14 33 32
0 12 11 21 17
1 9 7 26 39
1 13 0 33 4
0 22 15 24 15
0 11 30 22 37
0 5 20 33 35
0 30 24 35 25
2 11 5 31 21
2 11 2 20 20
2 10 1 28 35
1 0 30 30 35
2 7 5 38 22
2 2 20 38 39
2 31 7 32 23
1 17 12 20 22
2 25 9 38 16
2 1 21 10 39
1 5 27 23 32
0 21 21 33 27
2 9 0 13 4
1 15 6 25 32
1 22 37 36 39
2 11 3 39 31
1 2 8 30 38
0 9 13 16 28
2 3 5 38 17
0 4 10 25 37
1 5 2 28 17
0 2 10 31 37
2 29 3 32 5
1 26 9 35 24
2 4 9 19 19
2 3 12 9 18
1 4 25 20 38
2 33 7 37 29
0 19 26 28 36
0 12 3 20 27
0 11 25 15 29
1 15 8 17 29
2 0 31 30 32
0 2 5 2 29
1 9 25 11 37
2 3 3 37 5
1 13 12 39 17
1 25 25 35 28
2 21 10 35 13
0 5 20 31 26
2 7 3 32 17
1 11 9 37 37
2 20 12 32 17
0 2 8 17 16
1 26 7 38 34
0 10 17 19 18
0 5 14 34 31
2 29 3 30 37
0 8 2 34 35
0 19 13 36 39
1 12 19 37 29
0 25 16 34 19
2 18 12 35 27
1 13 8 36 35
0 21 5 34 11
1 0 20 26 34
0 30 24 31 39
1 12 26 27 34
2 17 20 29 35
1 5 31 32 32
2 20 11 26 14
2 22 19 32 32
2 2 8 28 13
2 17 7 29 36
2 3 14 33 24
2 6 10 18 29
2 4 0 37 12
2 3 3 9 35
0 24 12 28 19
2 21 3 39 12
2 25 21 28 37
1 22 1 31 38
0 14 6 15 7
2 19 3 27 25
0 3 10 26 14
2 7 7 18 36
2 0 20 15 27
0 19 1 22 10
1 2 29 3 39
1 29 10 29 14
2 2 2 38 38
0 17 1 19 38
1 17 10 20 37
2 7 3 29 3
0 19 19 25 32
1 7 18 36 27
2 9 21 34 38
2 25 21 26 35
0 5 27 19 39
0 21 4 39 18
1 13 7 34 33
2 18 9 35 22
2 0 34 10 39
0 29 23 39 35
2 8 8 17 35
0 1 5 18 20
1 0 15 5 24
1 30 17 35 18
1 11 30 16 33
2 2 13 37 22
0 14 9 38 32
2 28 23 35 39
1 17 8 21 32
0 17 12 23 34
1 3 16 24 20
1 17 7 28 16
2 10 14 14 15
2 26 12 38 21
2 16 26 19 33
0 25 18 27 35
0 6 24 36 27
0 10 31 38 35
2 24 12 25 39
0 7 19 38 39
2 5 28 20 38
0 23 7 34 35
2 17 2 17 29
2 21 9 21 37
2 6 4 14 5
1 7 13 23 34
1 24 19 27 22
1 1 16 33 29
2 12 15 13 36
1 26 3 27 6
1 12 13 14 31
1 16 22 33 30
0 15 16 22 39
2 14 24 16 34
0 24 7 25 19
0 29 10 34 15
0 5 3 31 20
1 14 19 22 28
0 23 19 30 39
0 8 8 13 12
0 0 14 27 36
0 4 27 35 39
0 4 14 11 26
0 25 35 29 35
1 10 22 28 34
1 2 14 28 38
0 22 18 38 32
0 33 10 37 32
2 26 15 37 34
1 11 14 17 38
2 20 15 32 17
1 27 17 33 28
0 3 8 7 34
1 10 9 18 27
1 18 15 32 27
2 7 5 38 24
1 1 15 24 19
1 15 13 27 31
2 0 14 29 25
0 23 6 26 18
2 2 34 11 35
2 25 1 29 38
1 24 25 24 26
2 23 1 38 23
2 6 1 34 8
2 31 29 33 30
0 5 1 35 21
2 2 7 16 7
0 18 7 32 13
2 15 4 24 39
2 12 30 27 39
2 17 9 29 23
2 29 1 31 14
2 20 4 35 32
0 19 2 24 33
0 16 13 25 29
0 12 10 32 37
1 1 13 4 28
2 25 13 25 32
0 31 10 34 32
1 25 34 35 35
2 14 4 17 30
2 11 2 39 14
0 0 6 16 12
2 1 0 16 24
0 6 6 21 31
0 5 24 14 30
2 24 5 25 5
0 2 7 32 22
2 11 13 39 17
2 3 3 34 39
0 16 21 35 26
0 36 0 39 26
1 4 29 36 35
2 29 9 37 21
2 10 39 30 39
1 23 10 36 18
1 17 28 22 34
2 1 2 1 18
2 30 33 37 36
2 0 1 38 20
2 6 16 8 39
1 37 10 37 20
1 4 15 39 20
1 12 0 21 37
0 21 6 37 28
0 17 1 36 34
2 8 21 37 28
1 13 16 24 29
1 12 25 17 33
0 11 10 18 10
0 28 1 38 34
0 16 12 33 13
2 4 0 20 7
1 25 22 35 28
0 21 7 36 23
2 18 13 36 13
0 10 12 35 35
2 9 5 35 20
2 13 3 37 19
2 14 18 16 18
0 1 27 3 35
2 11 3 26 9
1 34 13 35 15
0 20 3 31 19
2 11 4 38 16
2 11 22 14 32
2 1 25 10 30
0 11 3 11 25
0 15 13 22 37
0 1 7 14 22
0 22 28 27 31
0 0 9 15 27
1 5 3 27 39
1 13 14 25 25
2 9 14 19 30
2 20 18 29 21
1 17 1 38 29
2 7 2 23 39
1 15 4 19 9
2 3 12 5 33
0 20 4 24 34
2 20 1 25 38
1 11 16 15 39
1 3 9 35 26
0 3 8 11 22
0 15 8 33 28
2 3 0 6 35
0 9 16 16 17
1 3 17 18 30
2 24 31 38 38
2 26 19 28 37
0 28 20 34 26
0 18 21 30 38
1 3 7 9 19
2 2 2 39 10
1 37 22 39 39
1 20 22 31 39
0 11 19 34 28
2 30 36 39 39
2 18 6 23 30
1 10 0 15 15
0 19 17 27 29
0 35 15 35 35
2 8 4 16 20
1 1 27 8 33
0 17 15 26 33
0 3 5 4 21
2 22 21 31 23
1 1 6 30 34
1 4 33 9 36
0 11 20 37 25
2 25 38 28 39
1 21 16 31 30
2 5 2 21 28
0 18 22 24 31
1 33 27 34 34
2 20 7 24 39
2 7 22 16 36
0 0 23 21 24
0 5 16 13 21
0 36 9 37 38
2 5 2 13 6
0 14 28 23 29
2 15 12 28 38
0 5 15 10 22
2 0 22 1 33
1 1 31 21 34
0 15 26 18 33
0 15 15 30 25
0 9 9 13 13
2 6 0 33 24
1 3 1 33 10
2 33 14 35 33
1 8 7 16 19
2 27 23 27 26
2 9 34 28 38
1 18 15 18 23
0 20 5 37 36
1 8 19 38 38
0 3 29 26 32
1 19 19 21 28
0 16 15 20 24
0 11 5 30 29
0 2 11 34 18
1 14 27 15 37
0 20 28 38 37
0 36 26 38 36
1 3 1 13 28
1 31 21 33 35
1 13 27 36 38
2 10 33 29 36
1 18 16 30 22
2 2 27 39 36
0 13 3 25 32
1 18 8 38 16
0 23 10 36 15
0 17 3 39 25
2 1 2 20 16
2 7 36 38 37
2 11 6 19 12
1 12 15 20 31
1 9 13 28 28
2 5 19 19 36
2 14 4 32 28
1 20 13 25 18
1 14 4 32 5
0 13 18 23 30
0 20 9 37 28
1 4 24 33 39
2 28 9 36 26
0 11 7 14 37
1 16 20 17 26
1 0 25 4 26
0 4 3 38 36
2 19 4 22 16
2 14 19 30 37
1 21 3 25 27
2 13 13 20 18
1 13 10 36 16
1 12 8 25 36
0 11 8 31 35
0 9 11 13 39
2 3 9 35 26
0 4 25 33 34
2 9 26 28 36
1 22 7 37 15
0 0 16 6 28
2 2 23 12 36
0 6 27 29 30
1 22 7 33 28
1 28 22 32 33
1 17 20 20 22
0 14 15 14 17
1 1 2 29 29
1 5 13 20 37
1 7 4 10 8
1 8 10 38 23
1 2 3 4 29
0 0 10 25 15
0 31 8 35 23
2 14 18 35 21
0 30 29 33 39
0 10 33 13 38
2 16 1 25 4
2 16 18 19 27
0 28 4 34 17
0 29 32 31 33
2 25 18 37 25
0 27 0 36 17
1 2 8 2 17
1 2 9 5 23
2 11 6 22 11
2 9 14 34 26
0 19 14 34 22
0 24 8 34 25
0 24 10 31 28
0 19 0 27 11
2 0 7 9 10
2 17 22 23 35
1 0 3 39 37
1 19 14 31 38
1 3 5 31 21
2 1 0 5 24
0 3 4 11 32
0 20 34 36 36
1 11 5 28 28
2 15 14 34 32
0 6 5 29 27
2 4 2 39 10
2 10 13 23 29
2 12 5 37 28
0 5 21 20 33
1 2 0 25 15
1 19 20 36 24
1 7 12 33 36
2 12 14 33 23
2 19 29 25 31
0 0 8 9 33
0 2 11 15 33
0 23 20 27 26
1 7 19 26 19
1 8 5 36 18
2 24 12 28 27
1 1 15 12 39
2 1 20 18 25
2 3 3 12 29
1 5 9 7 30
2 23 12 24 17
2 24 2 36 30
2 19 10 36 17
1 17 8 19 26
1 1 13 33 19
0 4 0 22 35
2 37 12 38 19
0 20 10 29 28
2 32 13 34 33
0 22 8 29 31
1 36 18 39 30
1 11 6 21 16
1 8 26 37 32
0 25 8 30 33
1 1 3 6 34
2 3 4 37 22
0 5 4 18 38
1 9 2 31 36
1 6 16 18 28
1 16 7 28 15
0 16 30 29 35
0 8 0 39 25
2 2 31 9 35
0 1 11 4 39
2 20 6 28 36
0 3 27 24 28
2 5 5 12 36
1 2 2 31 7
2 27 0 30 26
2 6 22 10 39
1 4 5 17 26
2 16 9 19 29
2 4 5 17 37
2 23 0 38 21
1 6 12 34 26
2 1 3 5 31
1 18 22 25 29
0 32 14 36 26
50 500
0 5 7 41 20
0 14 28 29 41
2 35 30 38 41
1 1 33 30 36
1 15 31 46 39
1 3 5 35 23
0 37 5 46 30
0 43 15 49 29
0 12 17 18 18
2 19 17 31 18
1 7 26 30 43
1 10 8 36 30
2 7 9 29 46
1 1 4 5 22
2 33 14 38 43
2 27 30 49 32
0 19 34 29 40
2 17 7 49 18
0 33 20 36 28
2 27 13 45 37
0 3 14 43 35
2 2 23 41 39
2 18 27 43 33
1 20 6 48 39
1 4 3 49 9
0 15 21 43 47
1 7 47 30 48
0 15 30 48 37
0 26 21 30 43
2 23 9 34 30
1 36 10 44 19
2 19 34 39 35
0 28 4 40 17
2 11 2 18 48
2 16 38 43 45
2 7 27 47 35
1 29 35 46 46
0 11 14 17 17
1 24 4 29 40
0 27 9 44 11
2 19 21 44 39
1 22 6 29 49
2 4 3 24 39
1 10 2 44 49
0 13 17 32 42
2 3 21 47 39
1 19 9 25 42
2 6 8 22 29
2 3 45 29 49
0 28 31 38 34
2 4 40 10 41
0 2 9 32 13
0 5 10 36 29
0 12 3 36 30
2 3 48 40 49
0 46 19 46 26
2 38 22 45 26
2 26 6 34 15
1 13 7 22 36
0 10 6 31 49
0 2 12 3 29
2 34 10 38 11
1 43 17 44 20
0 34 16 48 31
2 34 26 46 31
2 8 10 49 16
2 32 34 32 38
0 18 32 39 35
2 28 6 29 18
1 2 26 30 47
0 29 5 32 32
2 9 7 13 30
2 19 26 31 47
2 19 21 29 41
1 40 5 45 38
2 20 28 47 29
2 24 29 45 49
2 29 7 40 41
2 39 12 48 24
2 10 9 26 33
1 11 2 40 13
1 13 31 41 44
1 0 14 46 21
2 31 13 34 17
2 41 19 44 24
0 47 19 47 41
1 3 33 28 40
0 22 25 35 30
1 16 4 30 44
0 26 4 29 47
2 18 19 46 41
2 0 8 34 36
2 0 30 49 39
1 2 17 4 45
0 15 4 47 22
2 28 30 33 32
2 4 32 26 49
1 16 19 18 28
0 11 0 25 47
2 10 30 12 31
0 8 20 24 49
1 23 21 32 27
0 2 21 27 34
0 3 6 7 45
0 11 30 17 46
1 2 13 35 41
1 6 43 27 45
0 10 20 15 26
2 16 7 42 19
0 23 28 49 49
2 14 22 34 45
2 3 27 48 47
2 5 31 34 44
0 16 11 34 19
2 18 46 28 46
1 23 25 46 27
1 16 36 47 39
2 7 47 35 47
0 18 11 36 25
1 6 22 11 43
0 4 3 24 20
0 30 39 42 40
2 4 22 40 23
0 6 20 32 21
0 5 24 19 34
1 6 0 22 34
2 3 9 48 15
0 22 34 24 42
0 9 9 15 14
2 13 3 30 13
0 29 16 44 35
0 33 39 39 44
1 17 15 37 22
0 35 14 46 37
2 31 21 49 41
1 6 23 41 42
2 25 6 37 14
0 43 27 46 48
0 42 13 46 33
0 20 21 43 21
2 18 1 40 7
1 18 0 24 22
1 41 26 44 48
1 24 10 28 17
1 4 17 12 27
2 18 22 49 28
1 16 43 17 47
0 16 14 41 23
0 22 6 30 26
1 2 43 19 43
0 23 32 27 48
1 7 12 32 46
1 3 20 30 48
1 28 9 34 41
2 17 27 48 45
1 26 32 34 46
0 21 42 27 49
2 22 19 47 35
0 31 13 36 47
2 10 5 13 25
2 21 10 38 23
0 0 20 28 32
1 13 22 18 41
1 17 27 23 35
2 11 24 41 48
0 13 3 28 29
0 33 20 45 33
2 9 10 42 46
1 42 0 49 39
1 17 15 39 25
2 4 31 10 41
0 16 27 42 47
2 7 46 33 47
1 9 7 30 33
1 5 28 36 47
2 33 24 45 46
0 10 20 41 48
1 17 22 46 39
1 18 31 40 48
2 13 24 36 25
0 14 0 19 2
2 14 30 23 45
0 28 29 41 42
0 34 23 44 34
2 15 34 49 43
2 26 16 30 40
2 20 44 48 49
2 4 41 25 46
1 6 7 33 21
1 10 24 26 43
0 27 23 30 27
1 21 34 31 40
0 18 10 28 34
0 31 16 45 42
0 1 10 24 21
1 6 3 13 22
1 21 8 34 8
2 8 9 25 49
1 31 5 37 6
1 12 5 39 47
1 5 28 17 32
1 10 25 38 39
0 17 5 45 48
2 0 35 15 43
0 16 20 29 22
1 33 30 48 49
1 25 38 29 46
0 4 12 42 36
0 13 13 24 43
1 32 16 40 42
0 23 38 23 49
2 29 0 49 28
0 11 5 36 43
2 17 2 47 44
0 2 45 19 48
2 0 4 39 46
0 21 17 25 21
0 16 8 45 19
1 11 4 35 14
0 35 21 40 28
2 21 4 30 34
0 29 0 46 23
2 22 22 40 23
0 8 2 48 11
0 14 9 28 21
0 3 15 14 48
1 2 0 34 35
0 15 1 47 41
1 10 7 32 41
2 39 25 42 41
2 18 0 46 22
1 34 6 41 9
1 22 14 22 45
2 17 6 21 43
2 13 9 39 23
1 20 5 43 7
1 32 17 41 40
2 15 19 35 48
2 24 14 46 23
1 24 18 40 49
2 3 7 45 16
2 15 23 37 47
1 10 26 24 40
2 28 21 41 48
1 29 9 39 40
2 46 0 49 29
1 2 6 8 10
2 22 16 29 34
0 1 25 3 39
0 1 13 44 33
0 28 9 48 26
2 5 23 11 28
2 25 10 38 42
2 4 34 15 41
1 35 25 45 42
0 17 13 49 40
1 27 21 45 24
0 12 14 49 43
0 12 16 36 28
1 12 27 40 31
2 18 3 30 48
0 0 4 41 20
1 2 26 18 46
0 1 43 21 43
2 31 32 39 43
2 24 28 28 39
2 35 15 36 23
0 0 24 30 28
0 19 4 21 35
1 21 33 37 41
2 22 12 48 25
1 43 28 46 48
0 17 25 45 26
2 15 20 29 41
2 26 8 27 45
2 18 23 42 31
1 16 10 21 15
2 16 5 33 8
2 19 19 44 39
0 19 32 32 32
0 19 2 32 42
1 10 11 26 37
2 11 6 32 19
0 10 9 25 39
2 9 30 22 31
1 43 9 45 37
2 27 6 46 27
0 36 46 38 47
0 6 4 25 9
1 28 13 45 24
0 3 11 43 18
1 24 37 38 43
2 12 17 14 39
0 11 12 21 15
1 24 24 43 45
2 2 5 35 37
2 5 11 8 49
0 41 20 48 22
1 9 35 49 43
0 4 4 31 28
2 6 15 12 31
0 11 29 21 48
2 19 4 49 39
1 3 0 13 8
1 22 25 39 31
1 8 4 39 13
1 7 8 21 42
0 16 33 46 49
2 4 17 42 19
1 2 7 14 22
2 10 1 34 14
1 9 18 34 24
2 25 17 25 29
2 7 0 34 17
2 3 8 23 42
2 16 23 36 38
1 24 11 46 23
2 25 6 34 17
2 30 6 31 33
0 24 39 26 46
0 2 11 3 35
0 23 14 46 17
1 38 36 46 43
2 37 31 43 45
0 34 37 41 46
1 6 33 28 48
0 5 38 8 47
2 17 28 40 31
1 1 7 17 17
0 6 18 7 27
2 19 27 40 29
2 5 8 34 33
0 21 4 34 41
2 42 7 47 45
0 25 22 25 24
1 12 14 41 14
0 27 32 28 42
2 13 5 40 33
2 19 9 36 39
2 28 6 41 12
1 7 2 42 39
2 4 22 32 49
0 30 44 35 46
1 1 16 2 47
0 8 21 42 46
0 28 5 29 22
2 0 7 47 37
1 42 14 49 19
1 2 15 21 31
1 33 41 47 41
1 2 1 21 22
2 11 7 30 29
0 3 1 48 38
0 32 32 36 44
0 4 17 31 48
1 16 2 34 37
2 5 7 36 29
1 9 12 47 36
2 29 9 33 41
1 22 8 28 39
2 2 8 3 28
0 24 26 30 30
1 7 14 43 19
2 22 36 27 47
1 22 40 45 47
0 6 15 11 37
1 6 10 28 29
1 37 9 49 44
0 22 0 43 10
0 4 24 43 39
0 26 34 28 40
0 3 3 42 36
2 30 20 39 22
2 7 35 41 43
1 34 31 42 49
2 12 20 37 45
2 11 23 23 40
0 19 12 29 21
2 40 1 49 4
0 35 8 40 46
0 11 32 14 42
0 9 5 44 43
1 8 14 32 21
2 33 31 35 40
0 12 11 49 27
1 29 20 44 31
1 27 25 32 44
0 2 43 9 49
1 12 6 46 33
0 14 8 33 48
0 19 22 23 31
2 12 26 13 31
2 12 27 28 38
2 15 30 23 37
2 21 4 22 41
0 24 17 43 47
1 10 13 10 26
1 11 17 38 19
0 1 38 27 45
1 35 11 41 32
0 46 12 47 25
0 4 11 23 37
0 13 2 25 49
1 21 0 30 43
2 22 8 43 42
2 0 15 31 29
0 3 16 25 33
1 21 21 26 40
1 3 35 21 45
1 9 1 19 45
2 23 3 39 36
2 14 6 15 37
2 0 14 9 17
0 6 24 16 29
2 33 3 41 14
2 19 1 32 47
1 0 10 4 49
0 3 7 5 23
2 19 4 27 44
2 17 12 28 36
2 22 22 39 41
2 21 15 33 41
2 30 5 35 42
1 33 21 36 48
1 9 34 19 48
0 13 4 31 43
2 21 16 33 49
1 37 7 49 39
2 5 14 41 44
0 10 16 32 42
1 39 33 46 44
2 7 8 40 38
0 33 41 45 42
2 16 41 33 44
0 1 14 13 16
0 36 12 43 17
0 0 15 15 23
0 25 27 36 39
0 2 1 7 41
2 11 30 15 34
1 3 1 39 13
0 4 10 11 16
1 41 11 47 37
2 33 2 35 39
0 2 16 14 48
1 20 15 23 45
1 16 16 26 20
0 39 22 45 24
0 2 11 16 12
1 17 19 31 31
2 36 28 46 38
2 18 6 48 29
0 28 10 45 45
2 4 38 41 43
2 19 3 36 28
2 45 29 47 41
0 3 28 7 29
0 8 16 13 28
0 25 20 43 28
2 9 5 18 14
1 27 16 28 33
0 26 3 46 18
1 2 4 16 19
2 19 31 26 48
1 6 26 34 31
1 30 21 35 30
0 0 17 18 23
2 19 16 23 33
0 25 1 43 33
1 26 27 48 31
0 15 29 26 36
1 1 0 47 24
2 2 23 9 41
1 2 14 29 25
2 36 8 40 15
1 14 13 21 42
0 20 21 43 48
0 9 15 27 42
0 6 20 23 41
2 7 4 47 24
1 0 17 27 31
0 14 10 37 12
1 27 6 47 19
2 3 15 38 36
0 9 8 35 19
1 25 4 32 30
2 7 28 42 40
0 9 31 48 32
2 6 5 35 14
1 22 34 32 42
2 9 0 27 37
0 24 25 32 28
2 23 9 45 28
1 21 25 28 41
1 1 15 34 40
2 24 33 45 49
0 20 16 21 40
0 8 7 27 23
1 18 28 24 36
1 24 5 43 34
60 500
2 45 1 49 9
0 2 10 37 58
1 18 16 21 33
0 45 6 57 33
2 29 19 53 50
2 41 4 45 56
1 41 22 56 43
0 23 16 48 29
2 3 26 17 36
2 7 28 33 31
1 21 5 46 13
2 42 41 51 48
2 16 27 31 51
1 51 37 54 40
1 48 2 57 2
2 31 19 35 52
2 39 25 53 52
0 8 52 35 58
0 12 1 36 53
0 51 14 52 38
0 14 50 50 54
1 22 28 28 36
2 34 14 37 26
1 19 22 51 57
1 11 3 27 21
1 4 46 18 54
1 6 1 34 52
0 1 0 15 37
0 9 0 11 53
1 4 25 31 57
1 6 3 25 3
0 46 31 50 59
0 12 27 26 50
0 30 32 51 35
1 13 6 44 56
0 33 8 51 54
1 4 51 17 57
0 3 13 33 21
2 40 46 54 50
2 25 38 42 38
1 2 16 20 54
0 17 8 17 44
2 36 41 40 49
1 4 28 36 37
2 32 0 55 0
0 42 32 50 50
1 24 32 50 50
2 16 11 29 58
2 7 49 53 52
1 25 5 38 26
2 32 19 40 28
0 8 25 15 41
2 31 25 35 40
2 5 19 20 32
2 14 11 36 18
2 29 15 46 48
2 2 26 57 48
1 21 13 47 28
2 20 36 38 43
0 9 15 54 16
1 35 16 51 41
2 14 1 56 58
0 0 11 42 39
0 4 18 4 22
2 27 18 56 56
1 44 1 51 19
2 25 16 26 20
1 26 45 58 58
1 26 23 39 25
0 18 9 46 46
1 26 2 28 38
2 20 19 55 50
1 7 4 15 54
0 28 1 47 38
1 40 16 58 28
0 4 23 48 56
0 47 18 55 50
1 40 12 45 31
1 47 1 50 40
0 10 19 17 44
2 5 12 13 13
2 17 43 50 52
2 36 8 56 44
1 20 3 32 10
1 7 4 23 24
2 15 12 27 35
0 28 32 39 57
2 0 32 15 54
1 26 9 35 55
0 29 6 44 20
2 28 13 52 49
2 25 11 27 42
0 34 6 44 12
0 19 13 30 28
2 39 6 57 9
1 34 17 35 46
0 39 15 45 46
1 12 3 25 13
2 32 3 53 16
0 25 14 30 17
1 55 6 59 43
1 5 12 45 13
1 42 24 42 41
1 33 19 35 39
2 25 14 45 24
1 33 24 42 56
0 6 44 10 54
2 1 23 8 39
1 25 33 40 45
1 3 17 24 24
0 39 1 47 15
0 16 21 19 46
1 43 14 56 58
2 41 11 52 19
2 19 0 37 59
1 30 17 54 44
0 34 0 52 13
1 47 22 49 53
0 23 37 59 42
1 4 41 27 44
2 28 18 59 52
0 32 25 53 43
0 31 2 57 41
2 42 5 48 16
0 11 0 44 16
0 10 10 28 49
0 52 6 52 28
0 9 50 10 50
2 35 42 52 50
1 1 35 24 54
1 15 25 19 59
0 31 16 45 38
1 25 25 51 40
1 1 34 12 49
0 4 23 11 39
2 41 28 59 50
0 33 38 59 53
0 41 11 59 37
2 49 2 59 52
1 22 15 53 56
0 6 54 12 57
1 39 23 48 28
0 34 21 46 56
0 1 39 21 47
2 9 35 41 41
1 30 2 42 13
1 10 9 57 13
2 10 13 40 57
2 25 15 47 45
2 15 29 28 35
1 35 2 55 59
0 7 31 14 44
0 23 23 28 26
0 12 25 57 40
2 29 11 57 43
1 7 11 56 31
2 25 6 56 15
0 0 27 8 30
2 4 56 25 56
1 13 39 36 40
2 1 21 33 43
2 50 20 58 49
0 33 12 51 16
0 31 21 49 45
1 24 10 27 14
0 14 17 30 49
0 28 48 57 53
1 16 1 51 4
0 13 9 56 38
2 50 35 56 39
2 7 12 7 49
1 15 15 16 26
1 41 1 57 3
1 11 42 21 55
0 5 29 16 57
2 14 18 28 55
0 19 2 40 45
1 3 31 18 35
1 53 28 58 59
2 11 1 36 40
1 26 48 39 57
2 31 40 32 53
0 4 35 9 44
2 11 41 55 44
0 24 35 32 47
1 14 19 37 54
2 15 8 32 57
1 8 26 14 47
0 45 17 49 35
1 16 51 24 57
1 30 23 54 53
2 14 7 53 47
0 35 26 47 33
2 48 15 48 16
2 35 4 42 26
1 27 0 46 52
2 20 9 55 14
2 9 13 25 37
2 4 6 36 23
1 14 11 46 34
0 5 5 19 41
1 46 8 58 11
0 30 13 49 30
1 23 6 35 47
1 35 10 41 54
2 1 33 37 35
2 9 29 58 32
0 11 41 36 54
1 3 4 36 38
1 3 40 43 56
1 54 13 56 35
0 11 21 43 24
0 1 10 45 50
1 11 26 18 44
1 11 15 14 33
1 27 26 54 47
1 57 12 59 24
1 11 16 43 35
0 18 43 57 47
0 25 36 48 45
1 11 12 43 25
2 42 17 50 42
1 10 40 20 41
1 20 15 46 57
2 16 22 39 40
2 14 14 16 35
1 6 18 49 18
1 30 2 51 5
0 25 39 33 57
1 28 37 48 52
0 11 11 30 15
0 24 13 50 54
2 15 22 53 48
1 37 8 50 22
1 27 42 45 50
1 49 47 53 50
2 4 13 11 57
0 9 24 56 54
1 21 10 26 17
1 24 25 44 36
2 7 1 29 5
0 6 3 36 53
0 31 28 54 47
0 11 6 23 40
0 5 34 7 34
2 17 53 56 55
1 9 2 30 58
2 10 3 22 54
2 42 2 49 28
0 2 36 13 59
0 32 37 32 53
2 16 32 42 55
1 12 22 50 25
1 19 4 52 49
2 8 8 36 46
2 22 7 47 14
0 24 1 53 57
0 4 15 32 33
0 2 0 46 37
2 1 8 46 51
0 10 20 59 24
1 8 21 18 32
2 1 12 59 58
0 36 9 45 52
0 48 3 49 42
0 21 7 35 41
2 3 4 29 24
0 24 21 31 50
1 8 27 27 34
1 7 2 31 36
1 0 19 5 29
1 8 46 21 48
0 8 29 47 59
0 10 9 52 17
1 19 6 53 43
0 38 24 41 46
2 29 13 37 37
1 47 15 52 35
2 33 14 46 52
1 27 48 31 48
1 33 8 57 39
2 14 23 50 54
0 8 7 40 58
2 22 38 54 51
1 6 28 33 52
0 41 14 46 28
0 22 7 55 18
2 45 9 55 57
2 7 0 9 53
0 50 32 59 49
2 25 6 31 14
0 47 37 57 43
0 16 16 42 30
2 8 7 59 47
1 25 1 44 44
0 0 10 44 12
1 26 10 40 11
1 8 20 20 59
2 42 9 55 45
0 15 54 37 56
1 35 27 51 59
2 5 33 56 53
0 31 18 38 46
2 10 5 33 26
0 41 23 53 24
1 23 13 49 38
2 27 7 48 43
0 31 9 53 57
2 20 7 35 8
0 0 13 21 36
1 7 38 50 55
0 38 26 55 49
1 27 25 46 40
2 25 32 51 50
1 14 37 27 50
0 33 6 48 16
1 13 47 20 51
0 21 29 54 41
2 1 48 59 52
1 3 4 49 26
2 27 4 36 55
2 21 33 32 48
2 13 9 41 21
0 5 19 7 57
0 2 30 16 34
1 24 8 34 58
0 33 7 34 32
0 14 17 46 29
2 23 41 37 47
2 29 12 43 25
2 4 28 29 35
2 42 13 50 42
0 1 26 12 48
0 14 14 39 36
0 8 14 26 56
2 6 14 51 28
0 23 29 43 57
1 9 30 37 49
2 53 39 53 54
1 6 25 39 58
0 31 24 55 56
0 23 9 33 55
1 15 1 25 11
2 4 33 44 52
1 37 51 57 59
0 45 16 46 22
1 31 14 58 43
0 35 14 58 53
0 42 16 43 23
0 4 2 30 36
1 43 4 46 32
2 10 1 46 49
1 13 7 19 39
1 33 14 45 49
1 45 1 46 39
1 6 18 47 50
1 36 7 37 50
1 1 12 9 35
0 37 19 43 21
0 13 30 50 56
0 18 11 57 20
1 1 1 11 20
2 5 42 32 46
0 24 14 31 51
0 52 5 54 50
0 47 9 59 50
0 25 17 50 28
1 50 12 54 46
2 12 48 55 53
1 5 36 48 36
0 2 12 39 44
2 46 1 50 53
2 38 36 51 41
0 25 27 32 28
0 45 33 53 43
0 13 23 48 37
2 26 40 55 59
0 5 32 30 43
0 41 15 53 21
0 4 20 30 50
0 2 9 57 35
2 12 46 46 49
1 6 12 14 18
2 50 27 55 38
1 33 24 37 32
2 13 23 44 53
2 9 6 38 17
2 19 21 55 28
0 7 21 20 32
1 11 55 24 58
0 2 54 45 59
2 26 4 45 58
0 43 13 48 42
2 28 31 31 45
1 26 23 43 40
2 16 19 29 34
0 4 6 26 39
1 27 18 33 30
2 36 33 52 59
2 9 7 42 58
0 40 29 45 34
0 15 47 51 49
1 19 46 45 56
1 10 11 18 28
1 24 8 26 47
2 12 22 56 37
0 8 39 41 43
0 44 33 53 51
1 31 10 36 10
0 24 0 37 27
0 13 13 29 50
1 10 19 49 19
1 4 27 9 45
1 16 22 55 31
1 20 35 32 56
2 42 0 43 11
1 26 0 58 11
2 4 21 32 43
1 5 2 23 48
0 27 27 41 50
0 14 23 34 35
2 8 29 59 33
0 25 16 54 46
1 31 45 45 48
2 26 16 27 21
1 10 2 31 40
1 7 11 26 54
0 27 43 56 56
1 3 28 26 42
2 2 25 54 57
1 40 1 55 55
1 9 15 44 24
1 27 44 29 50
1 2 1 5 49
0 28 12 58 34
2 32 15 56 54
1 20 22 50 52
1 30 51 33 55
1 11 10 56 22
0 14 21 36 52
2 44 1 50 20
0 12 39 55 42
1 3 16 15 25
2 14 13 47 14
0 18 27 47 51
1 36 6 54 32
2 41 28 53 58
1 27 18 56 31
2 30 24 57 41
1 18 49 40 56
2 5 17 19 48
2 52 3 57 30
0 42 0 53 56
0 23 49 24 56
2 14 11 43 34
0 14 0 59 26
1 23 2 47 54
2 9 0 21 45
1 26 31 36 52
1 11 18 39 43
1 10 18 13 59
1 13 5 29 54
1 12 5 44 21
1 36 15 45 45
2 24 31 40 41
1 29 16 33 59
2 3 46 25 50
2 56 4 58 44
1 51 44 55 52
0 4 51 12 52
1 25 3 41 4
0 11 40 12 52
1 22 48 56 50
1 7 8 53 58
1 3 12 14 29
0 16 37 39 49
0 21 23 40 54
2 22 15 56 32
0 21 24 25 53
0 12 10 28 40
1 22 24 25 56
1 1 3 59 18
2 29 24 35 57
1 45 0 58 15
2 13 21 53 55
2 26 21 35 38
0 16 32 46 57
0 14 11 36 13
1 40 0 49 35
2 9 14 58 45
1 3 40 14 50
1 28 49 38 51
2 6 6 10 59
1 14 11 55 22
2 10 20 33 56
1 32 49 48 52
1 10 10 42 48
0 33 2 48 12
1 18 46 24 53
2 1 13 29 51
70 500
1 12 0 67 15
0 5 11 16 13
0 0 29 51 49
1 5 62 26 68
1 32 12 38 34
0 31 56 46 68
1 49 4 66 54
2 56 22 65 25
2 36 27 47 28
2 21 48 52 60
0 30 8 66 36
1 37 9 38 37
1 21 43 53 57
2 1 52 67 57
2 1 43 69 66
2 28 23 65 47
0 13 48 42 57
1 28 51 62 51
1 31 20 43 49
2 5 25 25 28
2 5 4 12 47
1 0 3 35 61
2 14 7 44 18
1 5 26 36 68
2 3 43 39 68
0 30 1 42 47
0 17 41 64 50
0 18 33 69 56
1 33 4 54 53
0 37 13 50 31
0 19 9 53 17
2 29 29 56 61
1 30 10 50 63
0 39 3 40 46
0 6 42 44 45
1 25 52 55 58
0 21 18 35 61
1 35 13 64 44
0 20 7 69 12
0 42 25 62 64
2 29 39 44 59
1 44 32 56 36
0 26 28 53 36
1 22 16 43 33
2 28 26 33 36
2 16 16 33 56
0 29 63 57 66
1 40 46 65 67
2 3 33 51 33
2 40 27 51 42
0 25 6 59 13
0 45 7 55 54
0 39 1 69 15
2 26 40 55 48
1 13 42 37 55
2 35 12 69 56
2 50 6 56 38
1 17 22 33 63
1 33 13 54 65
2 42 2 61 66
1 33 7 50 41
0 23 38 61 57
2 46 4 49 6
2 42 13 68 17
2 0 6 22 42
0 40 6 46 36
1 41 16 42 43
0 25 6 29 64
2 54 31 65 32
0 15 20 49 37
2 33 51 49 58
2 37 52 65 66
1 22 9 44 67
2 19 10 49 12
2 22 3 66 63
2 3 14 21 59
0 33 60 47 63
1 22 18 27 65
2 7 36 12 55
0 1 12 54 23
1 3 8 34 10
2 7 47 36 50
2 7 27 17 41
1 39 26 65 48
2 30 16 42 54
0 24 20 31 53
2 52 25 69 25
0 22 55 38 68
0 62 25 67 53
2 13 21 56 62
1 13 45 27 64
0 17 12 49 45
1 45 0 67 48
1 24 23 55 66
1 26 35 53 38
2 6 16 60 33
1 33 34 49 47
2 25 44 54 50
0 17 24 53 26
2 21 12 42 21
0 28 9 54 22
1 7 12 18 62
2 24 28 29 42
0 31 63 37 65
1 13 39 16 61
2 8 18 20 46
2 6 6 64 51
2 11 22 36 48
1 40 45 53 50
1 14 24 40 40
1 30 20 58 55
2 28 24 45 55
1 9 7 66 46
1 55 45 61 66
0 17 25 20 53
0 9 64 66 67
0 35 9 64 29
2 14 41 21 56
2 21 36 26 37
2 22 62 33 63
1 17 38 18 40
0 13 64 52 64
2 4 1 64 22
2 11 31 60 32
1 43 20 61 28
2 8 7 50 15
1 21 36 41 44
1 45 10 64 38
1 15 23 61 29
2 25 11 56 58
0 52 14 55 40
2 5 18 39 26
1 27 11 64 48
1 16 7 27 63
0 24 8 51 18
0 23 32 48 41
2 18 7 64 44
2 0 50 25 59
1 4 13 56 16
1 0 27 13 63
2 57 52 66 59
0 32 2 46 69
2 20 58 44 61
0 19 29 24 33
1 11 42 65 49
2 51 5 60 41
2 2 10 62 12
0 31 26 67 38
0 6 9 34 38
2 13 6 15 59
1 25 15 31 40
2 41 22 46 34
0 4 27 26 57
0 64 27 68 65
1 2 8 65 26
2 60 27 62 41
0 8 50 29 63
2 27 31 35 36
2 55 4 65 51
1 33 60 54 62
2 13 12 61 53
0 21 40 52 60
2 37 42 48 68
1 15 43 53 67
0 20 20 61 61
2 13 8 56 11
0 15 16 53 40
1 1 25 21 35
0 33 14 58 54
0 38 27 63 56
2 0 43 43 65
1 8 3 63 46
2 11 13 12 64
0 40 14 66 63
2 25 29 29 33
0 3 3 64 67
2 11 14 46 26
0 6 29 57 61
0 1 1 3 54
2 34 9 61 63
1 8 0 22 46
2 30 20 62 49
1 3 20 39 60
1 53 37 58 68
2 27 0 45 55
0 26 20 64 40
0 6 25 53 68
2 14 5 64 55
1 23 19 62 26
0 7 55 45 63
2 0 11 51 17
0 3 13 21 48
2 13 52 36 67
0 53 40 62 54
1 5 6 60 54
0 23 12 40 29
0 5 9 61 50
2 58 40 65 55
2 3 36 4 67
2 38 20 60 36
1 1 22 51 49
2 47 31 67 57
2 16 41 42 45
0 12 26 23 28
1 8 31 61 50
0 30 38 65 51
2 38 54 39 59
1 18 1 20 20
2 58 6 60 7
1 1 16 51 69
2 37 7 57 25
1 6 33 38 53
2 6 13 67 21
2 5 66 61 66
1 10 24 60 38
1 31 37 67 50
2 2 7 57 69
0 19 27 49 46
0 11 16 40 67
2 0 20 42 24
1 47 12 64 31
0 40 11 43 27
0 39 4 58 6
0 39 30 60 35
0 15 5 47 61
2 3 8 31 57
2 34 8 63 57
0 12 26 49 59
2 47 36 53 65
0 19 34 20 54
2 52 28 67 38
0 39 32 69 46
0 6 3 23 13
2 23 28 37 57
2 1 3 33 66
1 8 17 23 17
0 29 21 69 54
0 8 37 22 69
1 38 47 44 49
1 36 19 68 29
2 12 27 18 51
1 23 32 44 55
1 25 3 37 34
2 47 40 57 42
1 6 5 67 61
0 0 47 22 56
1 45 66 57 69
1 62 1 63 8
1 1 12 68 55
2 31 32 40 44
0 51 26 67 34
2 52 14 57 21
2 9 58 52 65
0 17 3 50 27
2 39 3 43 56
1 37 40 57 56
1 4 2 42 31
0 18 29 33 58
2 7 30 20 60
1 9 18 66 57
1 8 21 41 65
2 3 19 38 30
1 23 1 57 25
1 1 14 47 38
1 15 11 28 63
0 20 0 46 50
0 0 0 16 30
0 31 17 46 55
0 13 29 45 65
2 1 0 37 55
2 21 30 25 48
2 27 39 41 59
2 10 15 46 29
2 23 13 46 38
1 3 15 33 59
0 2 4 17 19
2 0 42 21 67
1 61 42 66 46
2 3 46 64 52
1 53 31 62 35
1 26 27 53 50
0 23 17 29 44
1 5 47 51 65
2 15 20 62 58
1 2 4 23 32
0 21 0 23 2
2 6 30 19 42
1 34 45 38 69
0 5 35 8 54
2 13 38 25 53
0 22 38 41 69
1 11 46 31 57
0 41 10 59 54
1 21 26 47 60
0 12 31 69 49
2 48 42 61 59
0 20 44 34 60
0 42 25 45 53
2 30 42 55 60
0 38 5 38 6
1 33 22 60 45
2 23 42 48 47
0 11 0 53 66
1 39 9 58 29
0 19 0 46 10
0 5 31 42 40
1 35 19 38 55
1 13 12 44 29
1 11 65 56 66
0 19 21 58 65
1 11 20 15 23
1 46 6 58 17
0 33 13 38 32
2 16 3 29 65
1 26 8 42 9
2 7 31 7 64
1 62 17 69 30
2 10 11 33 38
0 21 3 37 66
0 19 17 51 21
2 34 4 35 44
2 12 54 18 55
2 7 16 9 39
2 6 28 8 64
1 7 13 27 13
2 1 41 15 49
1 41 9 52 59
2 18 15 34 34
0 16 32 30 54
0 5 33 54 63
1 43 32 47 44
1 39 23 61 48
2 39 18 68 55
0 7 49 63 54
2 51 2 68 48
0 27 1 58 15
0 16 31 21 57
0 1 1 21 63
0 8 22 44 39
0 10 27 37 59
0 18 49 29 67
0 12 6 44 62
1 6 4 56 33
1 18 1 36 49
2 5 23 66 48
0 49 29 60 33
0 61 4 65 48
0 16 22 60 62
0 12 2 17 12
1 13 9 34 22
0 26 28 59 46
0 55 26 63 41
1 13 0 59 28
2 7 30 60 66
2 30 20 41 46
2 11 45 22 49
0 37 21 45 39
2 13 20 37 43
0 24 45 39 46
1 0 6 35 44
0 22 57 44 65
1 24 17 25 64
2 6 19 51 35
2 17 65 21 69
2 44 10 56 50
1 3 18 13 67
0 11 61 35 64
1 19 27 37 43
0 13 28 55 45
2 60 9 63 12
2 13 63 45 68
2 5 3 17 32
0 2 16 43 41
0 32 2 59 52
2 11 10 59 37
2 21 26 28 58
1 23 10 56 64
1 2 9 18 42
1 6 18 31 21
0 13 6 23 69
1 28 47 38 55
2 8 18 45 60
0 19 32 51 35
0 3 55 64 61
2 2 1 17 61
0 26 69 66 69
1 8 56 34 69
0 21 40 31 48
2 34 28 64 28
0 16 54 41 67
1 33 33 58 37
2 2 11 52 26
0 32 11 57 14
0 1 47 38 53
0 14 35 58 52
0 0 12 37 59
1 18 26 45 53
0 48 0 57 24
0 13 28 40 64
1 9 41 59 52
1 38 17 49 42
2 8 4 42 24
2 4 25 9 45
1 13 31 53 40
2 29 13 58 55
0 43 23 65 56
0 36 3 62 34
2 6 49 65 57
2 30 29 63 62
0 9 33 31 60
2 46 4 51 51
1 0 45 25 53
0 2 51 11 67
1 44 54 54 60
0 29 2 62 16
2 52 21 64 26
0 9 49 54 68
2 10 10 33 67
1 6 2 30 42
0 59 33 67 52
1 0 15 29 58
2 43 38 57 69
2 37 18 51 37
1 34 4 58 49
1 4 34 56 43
1 23 20 35 28
1 5 0 41 1
1 37 56 57 63
1 3 46 4 63
1 26 40 52 52
2 42 7 61 23
0 44 30 62 64
0 20 63 23 63
2 28 25 43 29
1 12 5 15 26
1 5 15 30 45
2 41 9 69 11
2 38 6 66 38
1 10 38 19 55
1 49 0 51 28
0 22 35 46 59
1 15 0 23 33
1 26 12 42 35
2 9 17 31 61
1 18 20 24 50
0 46 31 69 35
1 22 19 53 61
0 14 20 16 55
2 3 31 36 37
2 42 0 51 24
0 9 10 37 50
1 17 31 26 46
2 5 6 43 63
1 32 53 55 53
0 38 42 46 61
1 45 26 68 51
1 6 21 39 41
2 57 14 60 36
1 17 10 37 42
1 20 7 47 41
2 20 3 56 32
2 3 18 25 20
1 40 2 42 46
0 7 5 32 62
0 32 21 63 39
2 53 6 61 69
1 13 45 50 55
0 51 12 59 48
0 10 4 41 61
0 2 47 32 53
1 1 15 57 40
0 17 23 63 57
2 2 2 44 10
2 29 51 67 63
0 25 10 53 49
2 2 38 37 61
1 3 18 16 48
0 13 11 42 32
2 24 31 41 50
1 3 27 42 35
2 16 2 41 19
1 45 4 49 64
0 2 41 60 42
2 16 3 29 58
1 30 42 68 54
1 27 16 32 44
1 16 16 39 61
0 1 45 52 67
0 35 29 49 37
2 3 27 62 27
0 48 10 64 19
1 12 28 27 40
0 41 36 47 45
1 15 10 61 46
1 33 9 39 42
1 9 23 37 37
2 6 2 11 63
2 0 33 53 62
1 22 37 43 61
2 7 58 31 62
80 500
2 35 26 77 46
0 50 42 71 48
0 28 26 56 70
1 25 38 35 41
2 61 43 69 73
1 10 22 16 24
2 60 8 72 49
1 14 16 56 28
2 52 32 66 76
2 27 28 33 62
2 73 18 77 33
0 2 5 52 63
2 33 38 49 77
0 16 49 66 77
0 3 12 5 59
2 9 55 22 61
0 43 43 67 68
1 7 36 10 51
0 39 0 53 36
0 60 35 79 74
1 17 25 63 36
0 5 16 76 18
1 24 58 48 72
1 16 12 23 16
2 1 1 32 57
2 13 43 26 59
2 42 36 76 60
2 13 30 58 75
2 44 17 56 56
0 8 1 39 42
0 1 36 34 48
1 39 39 78 78
1 24 68 41 73
0 53 38 62 46
2 0 54 46 71
0 18 6 79 48
1 42 48 50 49
2 50 54 78 77
1 14 66 77 76
0 8 6 68 76
0 58 18 79 61
0 22 41 78 76
1 34 18 63 37
1 7 16 28 53
2 15 5 30 21
0 48 3 65 54
2 30 10 63 48
0 51 30 63 70
1 31 7 75 26
0 2 8 65 79
2 59 7 62 14
0 36 13 62 51
2 36 21 64 26
2 25 32 56 39
0 44 53 47 69
2 60 19 79 48
1 40 1 53 73
1 19 26 42 51
0 15 8 22 28
1 10 31 19 61
2 9 7 45 45
2 5 20 41 73
1 46 5 67 66
0 12 23 49 36
0 5 43 79 78
0 12 20 44 33
1 33 44 58 64
2 6 44 18 71
1 60 53 72 63
0 20 44 36 56
1 5 15 63 69
0 14 39 60 45
1 37 9 68 14
1 45 13 71 22
0 1 51 12 69
0 17 33 28 53
1 45 45 53 70
0 19 9 40 20
2 14 19 17 39
1 53 25 54 36
1 16 17 79 34
0 17 50 72 51
1 26 27 41 53
2 56 34 60 48
0 0 2 13 60
1 25 54 66 74
1 12 3 74 23
1 1 20 15 55
1 63 27 78 59
2 57 62 57 64
1 3 47 7 65
1 58 15 64 73
1 29 41 31 63
0 64 31 65 47
1 9 16 76 63
2 35 30 79 34
1 38 9 50 68
0 5 33 36 59
0 20 45 57 49
2 64 35 65 49
1 39 29 69 79
2 29 20 36 61
2 44 10 51 49
1 8 39 58 58
2 13 25 74 26
0 31 42 61 73
0 46 29 60 60
1 12 75 43 77
1 36 28 63 51
0 17 26 35 79
0 21 15 43 71
2 7 5 48 38
1 6 45 38 56
2 30 40 35 73
0 9 43 63 43
2 21 0 60 64
0 63 20 63 55
2 10 27 52 34
0 33 22 75 45
1 29 22 39 66
0 26 6 73 24
1 16 52 40 70
1 28 18 44 32
0 26 1 66 12
2 0 22 19 79
1 65 11 74 22
1 22 37 72 39
0 29 1 69 4
2 54 31 70 43
1 0 4 70 21
1 36 1 78 19
2 54 13 55 47
0 46 18 68 72
1 6 4 21 7
1 2 4 26 78
1 17 50 63 71
1 46 41 67 58
2 44 11 47 75
1 15 33 38 72
2 10 16 21 28
1 58 9 67 18
1 3 15 23 46
2 12 39 34 72
1 14 11 26 55
0 9 8 58 48
2 49 6 76 54
0 55 10 66 60
2 27 61 61 63
2 13 24 72 78
0 51 41 72 55
1 36 27 40 58
0 1 12 26 29
2 35 51 75 62
2 5 19 7 28
0 36 19 74 72
1 73 47 76 77
1 70 39 72 54
0 11 20 78 64
1 69 26 74 68
1 25 1 54 72
1 39 69 42 73
0 21 7 40 39
0 1 55 42 69
1 65 28 74 44
2 17 44 70 49
1 2 4 68 61
0 19 6 23 20
0 58 6 78 70
1 23 40 49 79
1 69 20 76 71
0 40 11 56 44
1 2 15 19 35
1 11 30 42 60
0 55 16 55 73
0 27 2 32 19
2 3 45 59 67
0 3 51 48 71
2 34 5 42 64
2 25 57 77 58
2 8 23 17 62
1 20 30 48 65
0 29 33 69 53
0 46 45 55 67
1 2 43 62 64
1 27 23 49 26
2 65 16 78 31
0 35 1 56 58
0 4 32 32 36
0 20 14 25 50
0 50 21 76 65
2 54 5 61 79
0 40 0 49 77
2 53 15 66 59
1 13 29 35 75
1 4 12 52 59
2 38 24 53 34
1 5 68 54 68
2 3 26 16 26
1 0 40 43 76
2 2 0 39 28
0 13 28 62 33
0 8 55 71 75
1 11 14 33 54
0 27 12 46 13
0 41 41 76 66
0 27 21 36 74
1 46 8 55 64
1 58 34 77 52
2 9 30 66 46
1 37 0 74 12
2 3 24 12 33
0 13 33 40 74
0 26 39 32 63
1 39 63 43 65
2 2 21 22 63
2 36 25 66 57
1 14 25 51 51
2 61 5 70 37
1 32 17 65 65
2 21 29 38 73
2 32 0 46 27
1 50 7 69 18
2 21 32 42 63
1 26 17 53 79
2 30 8 64 53
0 64 16 79 40
1 37 15 52 39
2 15 40 47 41
1 7 0 23 71
0 9 17 57 17
1 31 65 62 77
2 20 10 29 12
2 0 10 27 31
2 14 66 21 74
0 37 58 50 70
2 13 6 31 11
0 0 1 17 13
1 27 53 66 55
2 0 22 14 50
2 21 7 48 27
1 53 8 55 70
2 21 21 48 61
1 42 41 58 49
0 5 37 38 59
0 2 65 4 73
1 7 17 67 79
0 16 58 70 71
1 15 15 30 45
1 59 46 63 69
0 6 41 63 54
1 20 4 26 75
2 20 29 50 52
0 14 23 67 74
2 8 13 62 32
1 8 19 9 29
1 22 16 59 19
1 2 0 51 74
1 6 8 51 72
0 65 22 76 65
0 47 6 52 56
1 48 35 79 58
1 31 3 35 26
1 40 0 41 74
0 3 57 78 66
1 38 1 67 8
0 17 33 46 39
1 0 7 35 69
0 30 38 64 52
2 63 7 73 11
0 9 26 79 56
0 1 7 35 30
1 3 14 53 56
0 25 10 30 53
2 13 32 34 54
0 10 9 58 61
0 35 41 73 72
1 4 4 37 25
1 31 28 77 54
0 36 4 56 18
0 58 26 74 48
0 41 26 47 45
1 6 36 33 42
1 11 8 40 60
0 37 40 68 61
2 10 10 77 54
2 75 55 79 58
2 46 33 57 36
1 5 60 59 72
1 10 7 52 70
2 60 48 66 76
0 53 17 65 73
0 31 28 44 67
1 6 8 26 48
0 39 46 75 55
0 5 43 33 58
0 61 18 62 27
1 56 29 60 30
1 9 11 58 75
2 27 28 51 41
0 2 22 11 79
2 10 48 49 72
1 34 22 63 74
1 3 32 37 47
2 31 18 48 48
0 13 12 28 21
2 52 8 72 65
1 61 26 68 68
2 47 39 72 57
0 26 8 73 53
2 23 11 34 32
0 9 41 68 43
1 13 18 62 73
1 4 8 71 29
2 31 16 42 72
0 2 15 31 17
0 19 6 79 28
1 46 12 67 78
1 32 23 68 46
1 53 18 79 45
1 45 21 46 33
0 74 17 78 23
2 19 11 28 22
0 7 32 76 33
2 15 41 69 78
1 67 4 77 37
1 14 5 23 36
2 18 24 29 42
2 8 75 69 78
2 44 7 79 43
0 29 9 33 46
2 6 28 51 66
0 23 21 68 29
1 12 8 42 8
0 20 56 51 78
0 30 3 59 50
2 1 59 73 73
2 24 22 46 28
1 41 19 68 39
2 0 35 25 61
2 28 22 47 38
1 24 77 76 78
0 18 49 60 70
1 13 52 75 72
0 33 32 67 63
1 22 56 28 72
1 33 2 72 41
1 15 56 38 58
2 22 9 74 48
2 37 20 71 72
2 9 14 25 60
0 5 6 50 41
1 26 5 72 66
1 39 52 75 55
2 13 28 62 47
2 20 69 47 69
2 7 53 26 63
2 46 4 48 12
1 75 6 78 67
0 23 47 65 49
1 15 46 24 51
1 3 38 28 71
1 21 19 75 39
2 19 54 32 65
1 12 20 27 76
2 4 43 43 63
0 67 30 72 39
2 59 58 79 63
0 16 46 41 65
0 17 15 25 52
0 24 59 72 62
1 38 65 72 76
1 19 15 72 71
2 34 28 74 43
2 21 47 24 72
2 24 10 53 50
0 0 29 44 41
2 49 1 78 69
2 32 53 41 69
0 25 48 57 75
2 0 13 39 77
0 50 11 58 14
2 20 65 34 78
2 54 53 58 77
0 6 3 48 19
1 22 5 39 34
1 23 20 44 55
2 22 29 66 57
0 22 46 57 73
2 11 50 16 75
0 61 42 65 60
2 40 8 77 22
0 20 2 53 35
2 17 39 63 69
1 17 32 73 64
0 27 13 67 32
1 16 13 18 33
0 36 6 45 65
2 53 1 72 59
1 7 13 16 44
2 8 70 37 75
2 17 35 39 65
2 9 4 46 19
2 14 39 64 77
0 52 52 65 57
0 38 55 53 74
0 19 45 33 47
1 18 20 74 49
2 29 9 71 40
0 35 13 45 76
2 30 46 58 68
0 7 1 15 10
1 6 62 76 69
2 43 10 50 23
2 4 55 61 77
1 47 4 79 23
2 45 9 57 44
2 34 17 71 57
2 20 3 33 31
2 50 2 78 52
0 49 50 64 60
2 7 5 48 75
2 61 7 71 8
1 37 6 77 7
0 5 21 31 30
1 46 54 64 56
1 50 15 57 41
0 14 23 59 43
0 49 1 59 78
1 15 34 16 35
0 35 33 72 75
0 28 2 55 53
1 25 31 29 75
2 27 50 52 51
2 16 11 34 72
2 10 15 17 24
1 23 12 34 37
2 28 38 68 51
1 16 7 69 62
2 2 62 18 73
1 4 27 26 69
2 8 53 47 67
1 35 62 68 72
1 18 17 49 49
2 39 33 46 54
1 27 23 71 59
2 11 32 69 58
0 41 26 57 79
1 6 22 61 46
0 47 1 55 36
0 62 4 69 75
1 0 45 76 75
1 18 66 66 73
2 6 68 44 69
1 1 27 28 41
1 26 5 39 26
2 4 60 18 65
0 0 9 41 27
1 55 21 61 29
1 34 24 49 31
2 32 14 51 19
1 65 21 70 31
1 12 0 42 52
2 6 19 69 30
2 33 4 49 54
0 12 11 66 75
2 3 39 76 54
2 5 9 61 44
2 9 0 46 66
2 16 3 60 60
2 45 48 50 67
0 5 0 65 66
1 74 54 76 60
2 42 58 71 72
2 30 41 71 74
1 47 12 72 68
1 5 24 8 59
1 25 10 32 50
1 31 18 54 30
2 16 16 29 28
0 25 57 35 57
2 14 13 39 74
1 26 30 50 69
2 28 13 63 16
1 19 40 55 53
2 2 46 43 58
0 17 18 21 20
0 37 5 77 26
0 36 32 46 35
0 45 33 67 62
1 48 50 51 61
1 18 10 76 32
0 0 70 41 78
1 46 35 59 67
0 51 17 77 35
0 28 7 39 65
2 8 25 75 40
1 5 3 66 4
2 5 5 76 33
0 67 10 67 68
1 4 30 77 36
90 500
0 11 2 39 69
2 9 16 45 54
0 61 17 85 58
0 50 40 85 50
2 8 37 62 47
0 21 0 56 73
1 37 42 39 82
0 72 6 81 51
1 22 34 48 37
0 0 32 22 81
1 30 44 41 53
0 7 0 80 31
1 39 19 54 45
2 72 5 81 57
1 19 1 45 37
2 8 39 88 66
1 13 37 73 52
1 15 72 27 74
2 42 39 59 46
2 29 5 83 70
2 53 56 71 71
2 12 64 15 78
2 31 13 75 39
2 58 17 58 79
0 6 20 78 21
0 53 11 73 74
0 11 26 61 35
0 52 17 73 80
0 37 17 60 83
2 22 26 75 36
2 18 78 72 80
0 15 11 58 45
0 74 48 84 62
2 16 33 29 88
1 10 46 80 86
0 53 45 55 66
0 27 46 81 77
2 2 10 58 76
2 23 14 83 36
2 33 0 59 40
1 32 39 58 46
1 14 66 84 89
1 73 52 81 65
1 5 40 12 76
0 60 34 83 42
1 0 13 24 62
0 22 2 83 73
2 63 7 84 15
2 29 23 72 50
0 22 8 86 71
1 28 80 75 84
0 2 60 74 60
0 37 8 65 26
0 3 72 62 81
2 14 32 71 55
0 44 15 50 62
2 55 7 60 62
1 60 51 76 61
2 52 23 79 27
2 37 23 54 42
2 6 59 9 77
0 17 51 76 69
2 4 24 27 35
2 45 47 63 59
0 5 50 84 59
1 25 11 73 32
0 31 62 50 80
1 24 11 37 50
2 46 58 79 88
2 35 33 83 49
0 80 37 88 77
2 51 33 54 78
1 68 19 70 41
0 5 31 75 44
2 57 8 82 32
0 55 3 68 27
2 10 37 27 64
0 18 74 46 82
1 34 10 69 76
1 13 17 77 59
0 6 19 11 32
2 3 2 63 66
1 24 0 53 74
0 7 46 56 55
1 26 3 28 62
0 2 53 77 84
2 44 34 70 75
1 38 25 83 75
0 22 21 46 49
0 11 52 41 65
1 23 50 29 71
2 46 15 57 50
1 36 11 40 13
1 24 34 57 84
0 11 25 82 69
1 30 20 48 45
0 32 38 63 46
0 10 56 82 67
2 8 33 14 77
2 85 40 87 72
1 27 31 30 65
2 2 67 14 83
0 20 25 28 33
1 13 27 55 54
1 13 84 78 86
0 77 28 89 40
2 13 29 53 67
0 11 1 34 83
2 7 41 67 79
2 85 64 85 75
1 42 12 42 26
2 29 6 78 39
1 30 7 38 60
0 10 43 77 87
0 32 23 58 36
2 40 55 44 65
0 24 75 29 79
0 53 48 68 58
1 47 4 73 88
1 27 36 84 78
1 5 60 66 73
2 67 22 88 36
2 4 3 8 21
2 5 28 63 68
2 13 19 84 61
1 13 34 69 36
0 33 4 71 61
1 30 20 46 64
1 21 30 65 69
1 15 39 43 87
0 46 59 52 76
2 52 26 60 70
1 2 5 82 75
2 73 13 86 23
2 56 41 70 63
2 38 17 43 59
2 17 35 30 54
1 15 51 48 62
2 19 56 27 83
1 26 12 44 78
1 16 80 47 80
1 7 12 75 26
2 72 11 85 56
2 26 19 85 78
0 7 24 32 73
2 19 19 82 46
2 9 4 13 75
0 37 69 49 71
1 11 17 46 67
0 18 5 31 7
0 27 45 77 64
0 24 10 34 54
1 18 32 68 34
1 12 10 70 58
2 33 25 58 86
1 5 16 40 41
1 1 57 14 77
1 21 20 84 69
0 8 54 25 68
0 9 5 14 72
0 35 8 76 19
2 32 61 47 63
1 14 42 72 53
0 50 32 54 38
0 7 12 12 19
1 42 2 47 56
1 7 8 53 37
0 71 3 84 60
1 0 25 16 38
1 49 9 65 76
2 23 33 45 42
1 15 53 73 86
2 23 37 27 55
0 36 83 79 86
1 27 23 81 74
0 59 29 68 39
2 0 16 31 33
0 2 50 40 64
2 0 75 57 84
2 5 29 32 68
0 33 38 83 84
0 23 20 33 45
0 58 25 81 88
2 8 36 9 58
1 55 16 58 67
1 46 62 57 75
1 71 9 71 68
2 12 62 74 81
1 59 36 68 69
1 25 59 83 87
0 27 48 72 55
2 62 2 86 63
2 47 24 78 64
2 6 32 47 64
1 56 58 73 74
1 3 35 27 83
1 70 31 86 32
0 8 35 65 52
2 31 53 38 72
0 35 38 56 63
1 36 30 88 58
0 32 6 33 70
0 6 64 23 81
2 77 5 89 78
1 72 16 77 61
1 59 27 82 46
1 10 25 13 85
1 16 9 17 54
2 19 53 45 54
1 35 52 42 57
1 52 11 75 47
0 31 4 66 8
1 20 44 47 47
0 13 1 58 11
2 15 44 37 81
0 13 53 32 60
2 46 13 79 22
2 26 46 38 57
2 49 5 73 38
1 4 59 84 62
0 12 56 51 63
1 40 4 43 61
1 11 45 54 70
2 13 31 55 69
2 37 19 88 64
0 40 1 88 70
2 12 23 30 39
1 80 6 86 34
1 13 11 77 83
0 11 13 41 44
0 33 28 36 53
2 45 29 89 69
1 39 20 41 45
2 2 31 29 78
0 41 21 79 34
2 58 0 78 66
0 5 64 15 66
0 27 30 33 71
1 31 3 53 13
0 27 2 65 71
2 30 17 56 33
2 23 12 83 60
2 37 51 62 57
0 29 24 82 41
1 83 55 87 61
0 62 41 76 77
1 67 68 83 87
1 28 19 86 24
2 29 46 48 62
2 7 81 75 88
0 26 14 84 25
0 37 3 47 58
2 19 56 54 82
0 17 19 82 21
2 32 4 58 22
0 58 14 68 45
0 36 38 71 88
0 5 10 26 73
0 33 26 55 76
2 19 61 58 73
2 6 25 66 68
2 13 48 82 87
1 4 52 39 85
1 35 37 66 68
2 56 26 89 27
2 24 58 52 77
0 42 1 86 81
0 11 23 83 50
0 27 6 72 79
0 7 21 49 82
0 10 13 51 74
2 43 29 80 47
0 1 58 85 66
2 16 14 24 45
0 2 31 32 65
2 25 55 73 56
2 44 14 66 51
0 60 3 62 37
0 69 34 77 47
2 12 24 81 80
2 50 28 68 63
0 58 50 74 72
1 14 40 21 76
1 0 50 18 81
2 18 83 83 89
2 51 43 57 53
0 84 41 87 55
0 36 40 48 72
2 8 67 23 68
2 1 28 79 85
1 54 40 84 42
2 36 1 50 11
2 55 19 58 64
2 39 59 46 68
2 56 5 69 76
1 23 0 75 61
2 74 45 75 51
2 16 3 66 41
0 23 23 74 39
1 58 24 61 82
0 76 16 83 66
1 44 7 45 36
0 77 54 87 59
0 77 6 82 58
2 63 7 86 38
2 25 71 87 79
0 18 58 18 68
0 37 38 87 78
0 38 36 76 87
0 57 48 73 67
2 16 55 86 65
1 34 10 41 69
1 11 29 22 84
1 18 76 41 79
1 12 38 70 65
1 4 28 27 62
2 31 10 64 27
0 3 0 74 24
2 28 9 37 47
0 19 9 54 20
1 9 38 18 46
1 47 6 82 40
0 31 28 36 70
0 29 11 54 72
2 16 14 28 17
2 55 29 59 36
0 12 70 52 87
0 2 6 16 36
1 50 40 79 52
2 25 51 49 64
0 50 57 77 84
1 1 42 83 67
2 58 6 84 6
0 58 82 66 85
2 56 13 84 28
1 72 29 84 63
1 9 38 9 65
1 4 11 19 47
2 34 59 85 76
1 13 18 76 56
0 28 37 65 56
2 11 76 71 78
1 17 2 40 37
2 52 72 81 89
1 42 5 61 29
0 45 20 78 51
0 58 22 78 66
0 45 63 86 82
2 37 20 85 37
2 6 40 33 57
0 11 23 67 87
1 13 52 54 64
2 19 2 79 48
2 27 29 54 78
1 11 14 35 26
1 71 20 77 61
0 13 26 88 62
2 45 15 86 48
2 18 43 33 80
2 14 10 79 46
2 75 17 82 37
1 12 19 67 70
0 14 9 26 17
1 44 46 56 88
2 66 66 89 88
1 61 45 83 79
0 16 27 49 40
0 7 9 26 20
0 55 0 55 82
1 5 19 32 87
2 0 32 60 69
2 33 34 60 49
0 1 24 65 84
2 40 70 70 86
0 2 26 26 67
0 20 27 68 49
2 26 13 59 21
0 37 40 83 45
0 45 3 46 14
1 18 34 44 77
1 21 28 52 72
0 49 70 61 74
0 38 18 54 39
0 23 37 39 38
0 17 47 42 71
2 7 47 10 84
0 78 5 85 11
2 67 9 67 37
1 26 74 50 79
1 40 33 47 88
1 80 19 87 60
0 66 63 84 68
2 50 9 80 14
2 15 44 40 61
0 37 77 48 89
1 37 80 58 82
0 2 13 80 59
1 35 30 36 77
1 17 17 64 83
2 65 53 72 72
1 6 42 20 76
2 8 65 56 88
2 28 38 73 48
2 32 28 37 71
2 59 58 89 80
1 33 6 62 60
0 0 41 87 56
0 60 55 66 89
0 44 84 81 88
1 43 44 63 49
2 10 23 29 31
1 46 72 81 82
0 18 28 54 47
0 52 14 82 80
0 9 59 13 63
2 41 38 41 52
0 64 19 82 38
1 69 25 80 70
2 4 22 16 59
1 41 48 45 58
1 3 3 83 78
0 37 1 40 33
0 16 51 60 62
2 37 67 88 70
0 20 57 66 84
0 36 64 59 76
2 33 54 76 73
1 52 6 63 25
0 7 3 67 9
1 52 84 82 88
0 10 32 43 58
2 11 50 48 76
1 63 42 87 76
2 19 33 47 55
1 29 32 42 63
2 5 30 85 52
1 12 9 32 72
2 40 54 74 64
0 6 86 36 87
2 26 18 67 41
1 38 3 75 24
0 30 74 64 84
0 47 42 59 49
2 44 45 86 49
1 4 30 71 46
0 71 48 87 78
0 2 26 72 33
1 35 6 39 86
1 13 7 16 72
0 22 43 54 56
0 5 29 21 66
2 11 15 46 37
1 5 18 25 62
1 23 49 60 69
1 26 22 73 76
2 3 59 60 79
1 47 7 68 23
0 32 40 82 70
2 52 18 78 62
2 34 38 38 77
2 17 51 52 70
1 47 11 67 14
0 7 32 40 85
2 9 70 13 89
0 3 41 26 62
0 25 49 76 63
0 9 27 85 52
0 4 29 36 75
2 3 49 10 74
1 33 3 80 29
2 40 35 50 39
0 27 36 42 49
0 71 54 78 66
0 18 37 63 82
0 2 22 58 27
0 17 23 42 66
1 65 16 69 55
0 76 5 80 31
1 35 11 66 60
0 19 1 82 33
2 2 39 76 64
1 68 13 79 46
2 39 24 51 66
2 66 0 80 75
2 6 16 57 32
2 14 19 48 77
2 43 21 86 32
0 54 3 74 59
0 52 13 75 67
1 60 11 70 15
2 2 7 68 48
2 16 33 25 81
2 16 3 65 45
1 31 10 53 25
0 31 13 62 47
1 35 37 79 55
2 31 8 53 21
2 12 1 57 62
2 26 18 81 79
1 41 49 79 63
100 500
0 45 1 55 16
0 28 23 88 46
2 1 63 54 78
1 0 54 47 83
0 15 37 94 78
2 28 35 37 70
1 20 54 78 72
2 18 34 50 34
2 72 0 79 38
0 33 60 74 81
2 69 3 73 53
0 36 21 47 36
1 20 48 63 50
0 20 33 31 34
0 42 10 54 13
2 54 16 96 74
2 42 76 87 78
0 40 5 79 27
2 31 35 92 95
1 3 0 62 26
1 47 28 73 53
1 14 27 29 72
2 23 23 31 77
2 14 11 39 30
2 10 9 96 71
2 24 74 86 81
1 10 33 81 57
1 7 43 29 84
0 65 24 78 56
2 34 67 44 70
2 27 63 75 75
0 12 38 55 93
1 19 19 84 83
2 18 0 59 2
2 2 25 5 72
0 82 13 87 31
0 23 2 35 63
1 26 3 75 9
2 8 61 12 99
0 28 77 76 85
2 20 7 61 50
0 30 41 40 54
0 57 48 90 85
1 50 19 87 20
1 37 71 66 87
2 31 49 67 54
1 52 19 88 74
0 79 30 79 63
2 7 28 65 66
0 71 24 71 96
1 47 55 55 77
0 85 33 92 63
2 47 82 83 91
2 15 65 52 75
2 9 14 54 61
0 11 66 41 74
2 11 4 84 85
1 2 8 51 26
2 2 11 98 44
0 19 7 22 75
2 6 8 39 64
1 86 30 90 88
1 90 55 91 89
2 37 53 52 67
1 11 19 55 35
0 41 39 89 98
0 45 15 94 16
2 9 18 45 99
0 3 44 65 92
1 63 5 76 38
2 28 58 85 85
1 83 14 88 24
0 27 4 62 7
2 0 7 51 67
0 4 56 6 93
0 21 17 51 86
1 0 60 58 91
2 37 37 66 95
1 34 23 73 78
2 24 20 94 67
1 37 43 63 76
0 55 37 73 50
0 54 7 70 9
1 56 2 70 87
2 11 49 70 83
2 46 33 52 67
2 39 7 81 62
0 38 48 82 58
2 68 29 94 92
0 31 15 48 79
0 70 27 80 39
2 72 39 91 44
0 10 85 24 97
1 2 32 10 95
2 24 11 90 82
2 45 70 99 72
1 60 13 63 81
0 29 38 81 98
0 8 79 74 87
2 45 8 68 45
2 27 63 95 78
2 1 13 86 98
1 51 14 65 56
2 15 39 28 51
0 29 21 45 60
1 8 9 45 46
0 71 9 75 39
2 39 32 63 44
1 53 4 71 91
1 57 35 88 58
1 18 3 72 27
1 29 47 82 77
0 55 19 61 35
0 42 7 55 73
2 25 6 77 21
0 9 14 69 96
1 4 1 30 23
1 1 1 42 66
0 59 38 69 44
2 35 25 61 51
0 45 73 88 93
2 38 4 98 37
1 20 7 44 42
0 29 2 44 18
1 51 43 54 79
0 53 18 80 22
2 28 7 29 37
1 54 12 97 19
1 0 12 11 78
2 65 7 84 61
2 47 7 84 20
2 49 3 85 21
0 7 51 24 98
1 68 33 79 69
0 51 12 70 26
1 29 35 71 62
2 47 34 50 62
1 48 52 58 80
1 61 20 99 82
1 73 20 82 27
0 59 49 94 75
1 25 46 75 88
1 77 16 95 55
0 25 70 68 87
2 70 33 87 45
0 15 79 76 81
0 35 13 64 60
0 1 12 12 71
2 26 2 32 7
1 47 14 48 15
2 23 17 47 93
0 66 40 99 69
2 59 9 82 85
2 37 20 63 67
0 27 4 89 27
0 83 14 97 34
2 8 30 83 54
2 36 18 43 28
1 65 47 85 72
1 64 23 74 56
2 16 13 22 80
0 48 15 56 67
0 19 55 35 83
0 11 72 39 80
0 5 55 9 82
1 5 50 76 96
1 46 0 58 16
2 17 1 44 67
1 27 83 92 90
1 21 48 41 90
2 25 72 77 83
1 38 65 92 97
2 16 12 45 15
1 3 52 70 96
1 60 38 92 79
0 76 1 90 87
1 25 16 75 70
0 34 0 81 29
1 52 80 81 82
1 4 52 46 78
0 34 28 83 37
2 14 37 40 86
0 32 73 49 84
1 33 20 57 45
2 33 12 86 21
2 58 32 82 86
1 53 56 89 83
1 17 10 94 99
0 61 70 67 83
2 38 76 76 95
1 64 29 84 51
1 12 2 34 5
1 8 16 69 96
2 64 21 94 86
1 24 0 54 64
1 37 21 99 33
2 34 1 86 11
1 35 64 78 91
0 2 21 94 81
1 10 27 20 47
2 44 55 67 96
1 12 21 25 99
0 34 0 40 87
0 15 36 89 96
1 23 34 77 45
1 5 43 86 60
1 13 45 64 51
2 36 5 40 51
1 18 29 33 64
0 47 62 84 75
0 35 88 35 90
2 60 23 94 47
2 32 2 82 50
2 17 22 85 40
0 69 1 86 90
2 70 2 73 22
1 3 16 94 49
0 23 14 28 58
2 41 10 42 59
2 39 53 92 89
0 57 44 63 46
1 14 0 53 94
0 31 3 34 19
0 13 17 77 49
1 83 27 89 77
1 7 3 49 39
0 29 48 52 54
1 33 20 48 25
1 10 43 32 50
1 33 54 60 90
1 39 17 76 20
2 57 4 59 39
1 16 90 59 92
0 6 47 74 49
1 73 36 98 77
2 44 27 91 32
2 63 14 94 92
2 6 62 10 83
2 38 3 50 64
0 6 4 68 83
1 19 11 36 57
1 58 46 76 62
0 35 5 65 28
1 1 30 98 78
2 76 90 83 93
1 0 15 88 21
1 5 6 24 76
0 50 4 56 28
1 39 90 45 95
0 42 23 52 34
1 37 0 38 56
1 27 49 59 97
0 82 27 89 59
0 9 3 16 62
0 23 46 40 58
0 29 27 70 70
0 47 64 54 84
2 38 16 67 20
1 40 70 85 80
0 28 69 84 92
1 28 3 69 16
0 19 85 81 93
1 30 40 61 53
2 77 39 97 96
2 84 64 97 75
0 46 8 76 25
2 30 11 38 71
2 35 13 55 21
2 4 8 21 43
1 48 68 76 95
0 40 13 66 87
0 32 49 65 56
1 4 32 89 68
2 54 52 86 57
1 26 3 99 76
2 65 20 74 95
2 0 46 55 79
0 27 49 92 68
0 40 8 59 99
2 56 0 80 26
1 56 11 59 30
1 22 1 25 95
0 14 35 22 97
0 26 30 37 53
2 30 21 95 54
0 21 86 49 94
0 19 34 36 97
0 19 67 89 67
0 61 54 84 84
0 26 85 43 91
2 15 23 77 55
1 1 34 4 36
0 9 4 40 80
1 66 75 69 84
2 37 22 40 88
2 77 82 92 85
1 12 64 91 84
1 15 13 81 28
1 33 82 60 97
0 20 4 90 84
2 73 25 87 84
1 40 44 59 51
2 64 34 72 91
2 46 4 70 54
1 69 72 77 82
1 42 33 88 87
0 29 3 42 33
2 9 5 61 82
1 60 44 85 84
0 54 16 77 60
2 40 46 70 94
2 33 3 42 32
2 47 83 85 86
1 31 30 62 88
1 9 10 64 58
2 39 84 56 85
2 25 16 28 63
2 47 24 59 51
1 50 4 58 31
0 11 25 53 86
1 9 35 16 87
0 76 1 96 66
0 42 45 73 74
0 14 68 31 97
0 0 99 86 99
2 13 13 19 28
2 21 58 28 73
2 9 52 67 99
1 4 42 9 80
2 15 44 77 63
1 6 34 84 60
0 17 80 67 87
2 10 18 16 47
0 36 17 42 30
2 74 85 99 95
0 40 20 48 70
2 25 22 40 39
2 3 35 73 95
1 74 63 74 92
0 22 11 41 37
1 0 12 11 18
0 55 33 93 39
1 41 73 50 85
1 4 7 29 82
1 19 73 95 83
2 11 74 22 91
1 1 35 4 68
0 17 0 71 21
0 14 28 95 80
0 23 9 49 27
2 56 29 57 91
0 30 15 32 65
1 60 38 91 95
1 85 6 86 10
2 47 14 67 70
1 92 13 99 20
2 2 25 73 29
0 21 1 93 15
2 18 34 41 36
0 82 13 96 45
0 78 92 84 95
2 8 1 89 28
1 26 13 36 99
0 58 41 83 74
1 86 54 97 98
2 39 24 53 50
1 1 24 63 43
0 18 62 89 78
0 49 0 56 60
0 46 3 98 98
2 38 51 79 78
1 26 46 76 69
2 1 18 94 66
1 79 34 84 71
1 39 24 54 86
1 27 84 78 86
1 78 83 90 92
2 42 92 91 99
0 0 34 42 42
1 54 9 79 36
0 47 20 52 67
0 58 0 71 20
0 56 27 78 30
1 44 10 56 17
1 38 9 81 15
0 16 37 62 41
2 5 14 88 66
0 67 34 84 58
1 20 2 59 2
0 75 57 94 98
0 56 65 94 77
2 54 29 56 55
0 18 80 73 81
1 22 1 98 11
2 22 42 36 87
1 41 11 84 25
2 46 57 53 99
0 41 18 61 62
0 2 12 99 15
0 21 62 94 73
2 19 15 99 32
1 15 0 81 52
2 38 4 88 46
1 18 60 97 76
2 15 47 99 86
0 20 85 72 97
2 12 4 74 5
2 10 57 42 64
0 55 24 56 90
2 55 8 98 16
2 32 80 46 84
0 52 21 71 23
2 12 62 65 67
1 70 82 95 83
1 64 9 67 47
2 34 19 60 44
0 14 20 98 42
2 21 20 46 68
2 48 71 63 75
0 11 17 63 93
0 34 18 63 31
2 5 11 6 59
0 16 73 36 89
2 47 45 63 49
2 65 11 83 31
1 2 16 34 57
2 32 50 82 87
2 3 24 48 39
0 2 40 3 42
0 14 52 76 80
2 82 52 90 85
2 23 39 73 95
1 2 58 93 76
2 23 48 61 81
1 37 32 69 46
0 9 43 30 66
1 50 45 70 60
0 54 27 87 28
0 91 78 98 96
0 5 33 23 88
2 76 64 83 89
0 16 41 95 94
0 36 39 86 41
1 73 21 92 22
0 19 59 74 72
0 43 47 89 70
1 14 40 30 52
0 76 44 89 82
0 59 23 99 86
2 83 33 89 87
1 5 53 69 79
0 11 16 71 46
0 39 5 59 66
2 29 44 80 77
1 15 25 28 90
0 8 16 86 87
0 34 86 84 96
1 44 37 66 40
0 10 37 76 62
2 84 15 99 72
2 49 40 90 78
0 17 36 91 85
0 60 67 80 71
0 33 93 44 95
2 14 45 47 75
2 25 49 66 83
0 57 66 89 79
1 68 84 90 88
2 65 15 68 90
1 26 64 58 94
2 3 33 38 90
2 30 41 51 91
0 8 2 20 18
0 65 13 89 99
1 29 58 81 76
2 4 29 40 71
1 46 27 54 49
1 75 9 98 94
1 14 24 21 84
2 45 58 68 90
0 47 14 70 21
0 8 9 13 17
0 82 34 94 83
1 41 23 77 50
2 36 38 87 68
2 79 28 87 85
1 14 56 43 66
2 0 36 55 91
2 57 1 97 54
2 12 36 56 92
1 20 8 95 74
0 65 63 97 99
1 9 58 63 86
1 28 36 29 71
0 5 46 89 99
2 48 12 82 65
0 10 58 38 64
1 28 6 65 63
0 37 59 74 88
2 6 57 52 60
500 500
0 252 360 320 412
0 338 152 443 376
0 328 398 403 416
2 163 197 251 452
1 116 267 490 460
2 443 283 444 428
0 263 278 327 433
0 111 241 407 489
1 24 318 297 380
2 108 18 413 338
1 326 183 390 270
2 21 14 159 170
2 238 31 379 238
0 13 383 356 420
2 188 349 412 434
0 99 351 125 480
2 143 274 498 342
1 269 122 437 363
0 380 66 495 438
0 68 47 200 392
0 206 312 437 440
1 59 240 206 301
0 203 36 455 210
0 278 206 289 290
1 37 193 274 390
1 324 9 354 424
0 397 144 409 361
2 25 326 347 381
0 286 158 362 455
2 97 13 257 213
1 10 13 486 138
2 189 217 324 341
2 223 488 475 493
0 113 26 246 56
1 13 113 495 389
2 414 269 457 457
1 6 262 175 380
1 300 184 380 321
2 38 177 491 350
1 272 6 458 404
1 5 40 377 115
2 159 377 221 378
2 371 122 380 457
2 202 256 453 337
2 56 14 133 77
2 103 134 129 224
0 269 20 305 161
2 238 61 322 63
2 52 217 376 322
2 68 91 253 275
1 88 95 149 361
2 399 464 478 478
1 15 10 392 435
1 124 99 390 277
0 81 155 381 210
2 225 77 401 355
2 345 0 385 217
1 330 37 497 78
1 440 119 492 350
0 57 102 137 141
0 21 216 40 262
2 34 161 73 435
0 278 190 290 273
0 88 233 247 449
2 49 407 355 464
1 69 128 133 357
2 0 455 330 455
0 71 33 298 214
2 127 29 185 120
0 301 140 323 369
0 8 13 342 25
2 53 2 240 241
0 153 185 220 496
2 28 153 76 469
0 83 369 210 397
1 78 219 358 498
2 176 70 190 195
2 175 45 444 162
2 326 250 390 352
0 74 285 317 374
1 171 130 457 207
2 138 156 418 332
1 5 13 155 56
2 85 294 491 498
1 56 180 318 481
1 199 141 491 360
1 36 71 386 404
1 276 42 400 465
0 130 250 344 330
2 26 280 468 398
0 159 16 358 307
1 143 321 321 390
2 12 53 211 340
1 115 184 360 268
1 266 420 426 466
1 158 120 285 171
2 105 237 343 422
0 186 15 468 157
2 74 343 103 428
1 365 176 442 239
1 130 309 395 442
0 35 251 408 397
2 171 334 186 429
2 182 163 415 363
1 354 187 474 251
1 109 162 405 226
2 21 128 286 243
2 104 307 161 390
2 322 159 395 281
2 83 122 417 226
2 243 9 350 222
2 1 212 331 493
1 142 120 378 268
2 57 153 465 436
1 75 252 446 454
0 133 179 201 272
2 342 190 426 192
0 61 249 264 317
1 381 201 440 215
1 359 44 473 197
1 109 107 181 478
1 13 50 213 379
1 112 261 310 292
1 342 220 425 446
2 412 341 457 442
0 1 42 239 437
0 21 71 390 119
2 190 86 219 334
1 192 132 272 222
2 216 19 372 473
2 108 73 412 240
2 69 173 357 398
2 320 67 395 302
2 392 116 427 374
1 161 330 383 497
2 44 354 405 495
2 126 47 380 454
1 281 174 372 457
2 287 381 429 397
2 219 176 238 292
1 199 165 480 352
2 382 210 424 404
1 59 209 240 484
0 40 268 495 494
2 308 203 479 322
1 197 142 424 289
0 346 316 498 449
1 3 371 461 424
2 69 36 319 270
2 143 361 176 499
2 52 149 309 483
1 197 4 389 258
2 135 46 157 194
0 36 106 368 411
2 138 2 488 483
1 122 161 333 228
1 254 260 283 464
0 128 86 418 383
1 323 323 401 432
1 359 24 447 308
1 305 363 308 478
0 176 160 228 312
0 289 425 450 443
2 234 243 410 463
0 239 216 338 231
1 343 94 346 188
1 122 1 198 422
0 312 3 446 28
2 302 413 308 483
2 416 144 445 195
0 2 170 192 315
0 254 122 293 300
2 331 143 361 175
2 78 41 181 249
1 11 64 258 87
0 35 14 335 374
1 182 57 194 475
2 110 241 370 264
0 42 151 331 326
0 459 120 465 420
1 379 7 486 276
1 331 18 395 267
2 208 62 484 233
1 64 129 439 251
0 263 52 404 77
1 98 40 425 156
2 152 254 244 487
0 122 106 276 312
1 135 120 499 430
1 320 251 376 373
0 87 328 292 462
2 149 88 308 493
2 9 238 425 297
0 148 65 345 184
2 179 79 261 489
0 90 445 365 468
1 339 156 340 421
1 35 78 328 301
1 399 51 448 294
0 27 265 324 452
2 49 190 256 452
2 222 384 248 455
0 384 235 415 276
0 212 202 388 314
1 38 89 58 295
0 153 96 458 405
0 132 221 331 342
2 388 52 422 316
1 148 155 192 454
1 181 53 309 271
2 44 48 295 165
1 270 249 272 335
2 46 269 352 413
1 0 40 159 343
1 216 91 238 430
1 181 23 217 216
2 18 75 145 285
0 287 47 464 393
1 77 402 338 416
1 111 127 162 197
2 76 70 326 437
2 284 124 307 439
0 83 274 427 302
2 59 309 467 406
2 51 151 443 344
1 144 234 399 368
1 70 307 342 377
1 156 3 411 235
1 279 238 345 333
1 37 307 495 476
1 81 142 125 317
0 3 300 422 445
0 179 255 484 414
1 116 80 261 364
2 118 116 187 174
0 246 94 460 103
2 116 344 154 361
2 395 83 480 199
2 76 319 217 443
0 86 308 354 437
2 161 113 175 330
2 53 94 84 377
2 14 107 109 234
0 272 43 331 349
0 317 55 440 435
2 78 206 454 407
2 107 86 367 372
2 202 7 458 433
2 435 262 471 463
1 261 104 451 225
2 128 350 460 393
2 47 481 123 488
0 12 127 109 438
0 162 70 457 401
0 380 205 394 487
0 335 180 487 362
0 272 80 461 225
1 327 252 372 434
2 262 125 436 164
2 232 81 295 482
2 180 248 396 445
0 54 269 166 333
1 216 156 249 271
2 295 5 299 10
2 116 42 208 90
0 249 55 416 446
1 180 86 333 397
0 40 226 449 447
1 210 146 215 277
0 321 41 464 273
0 391 114 462 267
0 259 166 302 497
0 200 165 350 279
1 74 60 487 114
1 164 7 465 365
2 231 65 260 121
0 110 294 202 456
0 121 19 359 321
2 5 61 484 260
1 267 428 321 487
0 358 92 390 180
2 111 79 376 203
0 301 240 471 410
2 289 146 297 295
1 16 135 420 471
0 168 101 232 152
1 5 6 469 319
0 13 71 51 132
2 155 7 235 386
1 84 15 387 325
2 158 191 330 333
0 124 273 171 415
0 38 69 76 321
0 307 68 442 323
1 35 353 73 433
1 154 174 191 279
1 23 110 436 253
1 10 95 278 442
1 141 75 427 80
2 18 183 270 498
1 83 294 257 442
0 179 309 232 379
1 55 236 372 418
0 328 260 448 390
0 126 18 381 416
2 116 148 118 194
2 93 63 244 244
2 344 149 359 339
0 230 105 274 244
1 261 361 407 377
0 80 16 451 147
1 11 234 79 315
1 44 174 174 218
2 233 204 290 232
1 52 54 184 415
1 20 252 344 337
2 101 388 427 419
0 156 299 493 356
1 117 30 283 229
2 164 109 416 112
0 401 445 409 497
1 42 59 484 179
0 199 108 498 255
2 21 355 187 424
1 379 87 430 281
2 252 83 371 499
1 128 16 479 87
0 6 187 37 490
1 153 116 497 304
2 253 78 325 185
2 15 214 157 232
1 248 45 499 439
2 221 149 447 343
0 138 33 139 304
2 42 7 238 111
2 243 259 431 344
1 132 0 238 227
1 160 343 497 379
1 14 58 77 304
1 181 170 235 336
0 80 314 262 422
1 74 285 176 410
0 372 301 374 303
0 163 10 360 20
0 444 97 466 405
0 248 322 477 443
1 315 48 428 457
0 406 288 419 303
1 270 72 446 384
1 335 412 432 454
0 326 144 437 440
1 53 62 58 463
2 50 200 88 461
0 57 105 336 363
0 70 44 119 271
0 57 68 224 394
0 159 13 445 196
2 247 8 403 244
2 149 166 200 422
0 270 10 461 160
0 281 97 423 482
2 20 74 222 151
1 159 78 214 174
1 65 77 162 262
2 251 339 343 351
0 105 74 133 298
0 91 177 274 467
2 6 297 140 344
1 16 112 285 170
1 96 10 189 233
2 32 81 279 134
1 259 262 458 284
2 453 71 482 169
1 8 36 208 474
0 354 241 411 395
1 387 130 464 438
2 186 45 267 425
0 250 193 274 234
1 329 97 443 266
2 350 143 481 407
0 380 203 474 358
2 35 1 191 116
0 263 140 264 280
0 264 304 276 427
0 361 285 454 317
2 160 136 366 431
0 93 66 185 499
1 4 397 366 492
1 25 362 487 429
2 211 7 217 77
1 15 91 196 353
1 71 389 490 484
0 117 146 487 155
0 263 67 482 316
1 389 405 393 480
0 32 69 431 459
2 190 229 446 385
2 155 138 184 374
1 397 78 457 401
2 118 35 182 111
2 368 6 463 344
1 424 245 484 463
1 94 421 347 455
1 130 111 137 496
0 328 412 370 496
0 152 141 359 379
2 219 115 220 168
0 414 6 498 326
0 22 58 288 326
2 259 137 354 316
0 245 83 474 166
0 22 47 399 348
1 34 14 327 372
1 335 161 381 492
0 316 251 486 313
2 100 4 260 477
1 67 235 398 338
2 0 199 440 407
1 136 161 364 397
2 211 68 301 403
1 347 84 499 248
2 168 68 382 71
0 49 300 437 482
2 413 23 417 230
0 91 97 276 131
2 119 232 152 341
1 145 234 470 447
2 268 394 300 472
2 220 109 431 130
1 3 194 183 198
2 395 160 475 199
0 58 47 259 243
1 108 43 183 217
1 215 29 283 267
1 169 44 439 223
2 22 3 150 12
2 206 6 404 464
0 0 142 104 169
0 26 176 279 461
0 44 278 415 310
2 93 336 226 377
0 315 40 395 444
0 38 197 394 208
1 61 50 487 234
2 255 28 273 314
2 240 54 254 206
1 23 183 433 390
2 244 9 266 475
1 165 14 303 321
2 255 131 461 242
2 25 150 52 163
1 13 57 69 91
1 2 0 286 345
2 49 110 86 118
2 172 268 316 479
1 482 332 495 440
2 115 21 195 472
0 293 135 479 410
0 52 126 335 424
0 368 426 429 461
0 265 127 333 289
2 298 78 351 244
1 214 401 241 497
0 269 37 288 207
0 45 63 341 372
1 264 30 370 73
2 97 180 261 389
0 308 127 343 463
0 44 248 246 473
0 271 74 458 203
1 56 141 331 253
0 16 280 374 283
0 354 96 493 118
2 87 378 443 462
0 29 180 217 260
1 24 113 283 359
0 251 151 466 180
2 337 271 434 398
2 282 59 493 252
1 153 62 349 308
1 321 396 422 433
1 133 86 220 179
0 30 185 149 264
2 180 283 493 302
0 26 171 65 355
1 305 309 490 353
0 93 172 284 380
1 279 97 307 122
1 412 176 474 236
1 233 133 294 287
2 222 61 498 248
1 389 100 392 322
0 242 115 461 173
2 143 421 213 497
1 419 32 485 48
1 55 215 467 222
0 283 171 338 475
0 90 108 295 252
1 52 141 438 432
2 252 39 345 105
1000 1000
1 0 0 500 999
2 0 0 501 998
2 0 0 502 997
0 0 0 503 996
2 0 0 504 995
2 0 0 505 994
2 0 0 506 993
2 0 0 507 992
2 0 0 508 991
2 0 0 509 990
0 0 0 510 989
0 0 0 511 988
1 0 0 512 987
2 0 0 513 986
1 0 0 514 985
1 0 0 515 984
0 0 0 516 983
2 0 0 517 982
2 0 0 518 981
1 0 0 519 980
1 0 0 520 979
2 0 0 521 978
2 0 0 522 977
2 0 0 523 976
2 0 0 524 975
2 0 0 525 974
1 0 0 526 973
1 0 0 527 972
2 0 0 528 971
0 0 0 529 970
2 0 0 530 969
1 0 0 531 968
1 0 0 532 967
2 0 0 533 966
2 0 0 534 965
2 0 0 535 964
2 0 0 536 963
2 0 0 537 962
0 0 0 538 961
2 0 0 539 960
2 0 0 540 959
1 0 0 541 958
2 0 0 542 957
2 0 0 543 956
2 0 0 544 955
2 0 0 545 954
1 0 0 546 953
1 0 0 547 952
2 0 0 548 951
2 0 0 549 950
2 0 0 550 949
2 0 0 551 948
2 0 0 552 947
2 0 0 553 946
2 0 0 554 945
2 0 0 555 944
2 0 0 556 943
1 0 0 557 942
2 0 0 558 941
2 0 0 559 940
1 0 0 560 939
0 0 0 561 938
0 0 0 562 937
2 0 0 563 936
2 0 0 564 935
1 0 0 565 934
0 0 0 566 933
2 0 0 567 932
2 0 0 568 931
2 0 0 569 930
1 0 0 570 929
0 0 0 571 928
0 0 0 572 927
2 0 0 573 926
0 0 0 574 925
0 0 0 575 924
1 0 0 576 923
1 0 0 577 922
2 0 0 578 921
2 0 0 579 920
2 0 0 580 919
2 0 0 581 918
2 0 0 582 917
2 0 0 583 916
1 0 0 584 915
0 0 0 585 914
1 0 0 586 913
1 0 0 587 912
1 0 0 588 911
2 0 0 589 910
2 0 0 590 909
2 0 0 591 908
1 0 0 592 907
2 0 0 593 906
2 0 0 594 905
2 0 0 595 904
2 0 0 596 903
2 0 0 597 902
2 0 0 598 901
1 0 0 599 900
2 0 0 600 899
0 0 0 601 898
2 0 0 602 897
2 0 0 603 896
2 0 0 604 895
0 0 0 605 894
2 0 0 606 893
1 0 0 607 892
2 0 0 608 891
1 0 0 609 890
1 0 0 610 889
0 0 0 611 888
2 0 0 612 887
2 0 0 613 886
0 0 0 614 885
2 0 0 615 884
2 0 0 616 883
2 0 0 617 882
2 0 0 618 881
2 0 0 619 880
1 0 0 620 879
0 0 0 621 878
1 0 0 622 877
1 0 0 623 876
0 0 0 624 875
2 0 0 625 874
0 0 0 626 873
2 0 0 627 872
1 0 0 628 871
2 0 0 629 870
0 0 0 630 869
0 0 0 631 868
1 0 0 632 867
2 0 0 633 866
1 0 0 634 865
0 0 0 635 864
2 0 0 636 863
1 0 0 637 862
2 0 0 638 861
2 0 0 639 860
2 0 0 640 859
2 0 0 641 858
2 0 0 642 857
2 0 0 643 856
0 0 0 644 855
2 0 0 645 854
2 0 0 646 853
2 0 0 647 852
1 0 0 648 851
2 0 0 649 850
2 0 0 650 849
1 0 0 651 848
1 0 0 652 847
0 0 0 653 846
2 0 0 654 845
2 0 0 655 844
0 0 0 656 843
1 0 0 657 842
2 0 0 658 841
0 0 0 659 840
0 0 0 660 839
2 0 0 661 838
2 0 0 662 837
2 0 0 663 836
2 0 0 664 835
2 0 0 665 834
0 0 0 666 833
1 0 0 667 832
2 0 0 668 831
0 0 0 669 830
1 0 0 670 829
1 0 0 671 828
2 0 0 672 827
0 0 0 673 826
1 0 0 674 825
1 0 0 675 824
2 0 0 676 823
2 0 0 677 822
2 0 0 678 821
2 0 0 679 820
1 0 0 680 819
2 0 0 681 818
2 0 0 682 817
2 0 0 683 816
2 0 0 684 815
2 0 0 685 814
0 0 0 686 813
2 0 0 687 812
2 0 0 688 811
2 0 0 689 810
2 0 0 690 809
2 0 0 691 808
2 0 0 692 807
2 0 0 693 806
2 0 0 694 805
1 0 0 695 804
0 0 0 696 803
2 0 0 697 802
2 0 0 698 801
2 0 0 699 800
2 0 0 700 799
1 0 0 701 798
0 0 0 702 797
1 0 0 703 796
0 0 0 704 795
2 0 0 705 794
2 0 0 706 793
1 0 0 707 792
2 0 0 708 791
2 0 0 709 790
2 0 0 710 789
2 0 0 711 788
2 0 0 712 787
2 0 0 713 786
2 0 0 714 785
2 0 0 715 784
0 0 0 716 783
0 0 0 717 782
2 0 0 718 781
2 0 0 719 780
2 0 0 720 779
2 0 0 721 778
2 0 0 722 777
2 0 0 723 776
2 0 0 724 775
0 0 0 725 774
2 0 0 726 773
2 0 0 727 772
0 0 0 728 771
1 0 0 729 770
2 0 0 730 769
1 0 0 731 768
2 0 0 732 767
2 0 0 733 766
2 0 0 734 765
2 0 0 735 764
2 0 0 736 763
2 0 0 737 762
2 0 0 738 761
2 0 0 739 760
2 0 0 740 759
2 0 0 741 758
0 0 0 742 757
2 0 0 743 756
2 0 0 744 755
1 0 0 745 754
0 0 0 746 753
2 0 0 747 752
1 0 0 748 751
1 0 0 749 750
2 0 0 750 749
2 0 0 751 748
2 0 0 752 747
0 0 0 753 746
2 0 0 754 745
1 0 0 755 744
2 0 0 756 743
1 0 0 757 742
0 0 0 758 741
2 0 0 759 740
2 0 0 760 739
2 0 0 761 738
2 0 0 762 737
1 0 0 763 736
1 0 0 764 735
2 0 0 765 734
2 0 0 766 733
1 0 0 767 732
1 0 0 768 731
2 0 0 769 730
2 0 0 770 729
1 0 0 771 728
2 0 0 772 727
2 0 0 773 726
0 0 0 774 725
2 0 0 775 724
0 0 0 776 723
0 0 0 777 722
2 0 0 778 721
2 0 0 779 720
1 0 0 780 719
2 0 0 781 718
1 0 0 782 717
2 0 0 783 716
0 0 0 784 715
2 0 0 785 714
2 0 0 786 713
0 0 0 787 712
2 0 0 788 711
0 0 0 789 710
2 0 0 790 709
1 0 0 791 708
2 0 0 792 707
2 0 0 793 706
2 0 0 794 705
2 0 0 795 704
2 0 0 796 703
2 0 0 797 702
1 0 0 798 701
2 0 0 799 700
1 0 0 800 699
2 0 0 801 698
2 0 0 802 697
2 0 0 803 696
0 0 0 804 695
0 0 0 805 694
2 0 0 806 693
2 0 0 807 692
1 0 0 808 691
2 0 0 809 690
0 0 0 810 689
0 0 0 811 688
2 0 0 812 687
2 0 0 813 686
2 0 0 814 685
2 0 0 815 684
2 0 0 816 683
1 0 0 817 682
2 0 0 818 681
2 0 0 819 680
2 0 0 820 679
2 0 0 821 678
1 0 0 822 677
2 0 0 823 676
2 0 0 824 675
0 0 0 825 674
2 0 0 826 673
1 0 0 827 672
1 0 0 828 671
0 0 0 829 670
2 0 0 830 669
2 0 0 831 668
0 0 0 832 667
2 0 0 833 666
2 0 0 834 665
1 0 0 835 664
1 0 0 836 663
1 0 0 837 662
1 0 0 838 661
2 0 0 839 660
2 0 0 840 659
0 0 0 841 658
0 0 0 842 657
2 0 0 843 656
2 0 0 844 655
2 0 0 845 654
2 0 0 846 653
0 0 0 847 652
2 0 0 848 651
1 0 0 849 650
1 0 0 850 649
2 0 0 851 648
1 0 0 852 647
2 0 0 853 646
1 0 0 854 645
2 0 0 855 644
1 0 0 856 643
2 0 0 857 642
2 0 0 858 641
1 0 0 859 640
0 0 0 860 639
0 0 0 861 638
2 0 0 862 637
1 0 0 863 636
2 0 0 864 635
2 0 0 865 634
2 0 0 866 633
2 0 0 867 632
2 0 0 868 631
2 0 0 869 630
2 0 0 870 629
0 0 0 871 628
0 0 0 872 627
2 0 0 873 626
1 0 0 874 625
2 0 0 875 624
2 0 0 876 623
2 0 0 877 622
2 0 0 878 621
2 0 0 879 620
2 0 0 880 619
0 0 0 881 618
2 0 0 882 617
1 0 0 883 616
2 0 0 884 615
0 0 0 885 614
2 0 0 886 613
2 0 0 887 612
2 0 0 888 611
2 0 0 889 610
2 0 0 890 609
2 0 0 891 608
2 0 0 892 607
2 0 0 893 606
2 0 0 894 605
0 0 0 895 604
2 0 0 896 603
2 0 0 897 602
2 0 0 898 601
2 0 0 899 600
2 0 0 900 599
0 0 0 901 598
2 0 0 902 597
2 0 0 903 596
2 0 0 904 595
0 0 0 905 594
2 0 0 906 593
0 0 0 907 592
2 0 0 908 591
2 0 0 909 590
2 0 0 910 589
2 0 0 911 588
2 0 0 912 587
0 0 0 913 586
2 0 0 914 585
2 0 0 915 584
2 0 0 916 583
2 0 0 917 582
1 0 0 918 581
1 0 0 919 580
2 0 0 920 579
2 0 0 921 578
0 0 0 922 577
2 0 0 923 576
0 0 0 924 575
1 0 0 925 574
2 0 0 926 573
2 0 0 927 572
2 0 0 928 571
1 0 0 929 570
2 0 0 930 569
0 0 0 931 568
2 0 0 932 567
0 0 0 933 566
2 0 0 934 565
2 0 0 935 564
0 0 0 936 563
0 0 0 937 562
0 0 0 938 561
2 0 0 939 560
1 0 0 940 559
0 0 0 941 558
1 0 0 942 557
2 0 0 943 556
0 0 0 944 555
0 0 0 945 554
0 0 0 946 553
2 0 0 947 552
0 0 0 948 551
2 0 0 949 550
2 0 0 950 549
0 0 0 951 548
1 0 0 952 547
2 0 0 953 546
2 0 0 954 545
2 0 0 955 544
1 0 0 956 543
1 0 0 957 542
2 0 0 958 541
2 0 0 959 540
1 0 0 960 539
2 0 0 961 538
2 0 0 962 537
2 0 0 963 536
2 0 0 964 535
2 0 0 965 534
0 0 0 966 533
2 0 0 967 532
0 0 0 968 531
1 0 0 969 530
0 0 0 970 529
2 0 0 971 528
0 0 0 972 527
0 0 0 973 526
1 0 0 974 525
2 0 0 975 524
2 0 0 976 523
2 0 0 977 522
2 0 0 978 521
2 0 0 979 520
2 0 0 980 519
1 0 0 981 518
0 0 0 982 517
2 0 0 983 516
2 0 0 984 515
2 0 0 985 514
0 0 0 986 513
2 0 0 987 512
2 0 0 988 511
2 0 0 989 510
2 0 0 990 509
0 0 0 991 508
2 0 0 992 507
2 0 0 993 506
2 0 0 994 505
1 0 0 995 504
2 0 0 996 503
1 0 0 997 502
0 0 0 998 501
0 0 0 999 500
2 0 499 999 999
0 1 498 999 999
2 2 497 999 999
1 3 496 999 999
0 4 495 999 999
1 5 494 999 999
1 6 493 999 999
1 7 492 999 999
1 8 491 999 999
2 9 490 999 999
2 10 489 999 999
0 11 488 999 999
0 12 487 999 999
2 13 486 999 999
2 14 485 999 999
2 15 484 999 999
0 16 483 999 999
1 17 482 999 999
2 18 481 999 999
2 19 480 999 999
0 20 479 999 999
2 21 478 999 999
2 22 477 999 999
2 23 476 999 999
0 24 475 999 999
2 25 474 999 999
2 26 473 999 999
0 27 472 999 999
2 28 471 999 999
2 29 470 999 999
2 30 469 999 999
0 31 468 999 999
2 32 467 999 999
2 33 466 999 999
2 34 465 999 999
2 35 464 999 999
2 36 463 999 999
2 37 462 999 999
1 38 461 999 999
0 39 460 999 999
0 40 459 999 999
2 41 458 999 999
2 42 457 999 999
2 43 456 999 999
0 44 455 999 999
0 45 454 999 999
1 46 453 999 999
2 47 452 999 999
0 48 451 999 999
1 49 450 999 999
2 50 449 999 999
0 51 448 999 999
2 52 447 999 999
0 53 446 999 999
1 54 445 999 999
1 55 444 999 999
1 56 443 999 999
2 57 442 999 999
1 58 441 999 999
2 59 440 999 999
2 60 439 999 999
1 61 438 999 999
2 62 437 999 999
1 63 436 999 999
1 64 435 999 999
2 65 434 999 999
2 66 433 999 999
2 67 432 999 999
2 68 431 999 999
1 69 430 999 999
0 70 429 999 999
1 71 428 999 999
2 72 427 999 999
2 73 426 999 999
2 74 425 999 999
0 75 424 999 999
2 76 423 999 999
2 77 422 999 999
1 78 421 999 999
0 79 420 999 999
2 80 419 999 999
2 81 418 999 999
2 82 417 999 999
2 83 416 999 999
2 84 415 999 999
2 85 414 999 999
2 86 413 999 999
2 87 412 999 999
2 88 411 999 999
2 89 410 999 999
2 90 409 999 999
2 91 408 999 999
1 92 407 999 999
0 93 406 999 999
2 94 405 999 999
2 95 404 999 999
0 96 403 999 999
2 97 402 999 999
2 98 401 999 999
2 99 400 999 999
2 100 399 999 999
1 101 398 999 999
1 102 397 999 999
0 103 396 999 999
2 104 395 999 999
0 105 394 999 999
1 106 393 999 999
0 107 392 999 999
1 108 391 999 999
2 109 390 999 999
0 110 389 999 999
2 111 388 999 999
0 112 387 999 999
2 113 386 999 999
2 114 385 999 999
1 115 384 999 999
2 116 383 999 999
2 117 382 999 999
2 118 381 999 999
2 119 380 999 999
1 120 379 999 999
2 121 378 999 999
1 122 377 999 999
0 123 376 999 999
2 124 375 999 999
2 125 374 999 999
1 126 373 999 999
0 127 372 999 999
2 128 371 999 999
1 129 370 999 999
0 130 369 999 999
0 131 368 999 999
2 132 367 999 999
2 133 366 999 999
1 134 365 999 999
2 135 364 999 999
2 136 363 999 999
2 137 362 999 999
2 138 361 999 999
2 139 360 999 999
1 140 359 999 999
2 141 358 999 999
0 142 357 999 999
2 143 356 999 999
0 144 355 999 999
2 145 354 999 999
2 146 353 999 999
0 147 352 999 999
2 148 351 999 999
2 149 350 999 999
2 150 349 999 999
0 151 348 999 999
2 152 347 999 999
1 153 346 999 999
0 154 345 999 999
2 155 344 999 999
0 156 343 999 999
0 157 342 999 999
2 158 341 999 999
2 159 340 999 999
0 160 339 999 999
0 161 338 999 999
2 162 337 999 999
2 163 336 999 999
1 164 335 999 999
0 165 334 999 999
2 166 333 999 999
2 167 332 999 999
0 168 331 999 999
2 169 330 999 999
2 170 329 999 999
0 171 328 999 999
2 172 327 999 999
1 173 326 999 999
2 174 325 999 999
2 175 324 999 999
0 176 323 999 999
2 177 322 999 999
2 178 321 999 999
2 179 320 999 999
2 180 319 999 999
1 181 318 999 999
1 182 317 999 999
2 183 316 999 999
2 184 315 999 999
1 185 314 999 999
2 186 313 999 999
0 187 312 999 999
2 188 311 999 999
2 189 310 999 999
1 190 309 999 999
2 191 308 999 999
0 192 307 999 999
2 193 306 999 999
2 194 305 999 999
2 195 304 999 999
2 196 303 999 999
1 197 302 999 999
2 198 301 999 999
2 199 300 999 999
0 200 299 999 999
2 201 298 999 999
2 202 297 999 999
2 203 296 999 999
0 204 295 999 999
1 205 294 999 999
2 206 293 999 999
0 207 292 999 999
2 208 291 999 999
2 209 290 999 999
2 210 289 999 999
2 211 288 999 999
1 212 287 999 999
2 213 286 999 999
1 214 285 999 999
2 215 284 999 999
0 216 283 999 999
1 217 282 999 999
2 218 281 999 999
0 219 280 999 999
2 220 279 999 999
2 221 278 999 999
2 222 277 999 999
2 223 276 999 999
1 224 275 999 999
2 225 274 999 999
2 226 273 999 999
2 227 272 999 999
0 228 271 999 999
0 229 270 999 999
0 230 269 999 999
2 231 268 999 999
2 232 267 999 999
2 233 266 999 999
2 234 265 999 999
2 235 264 999 999
2 236 263 999 999
2 237 262 999 999
1 238 261 999 999
2 239 260 999 999
2 240 259 999 999
0 241 258 999 999
0 242 257 999 999
2 243 256 999 999
1 244 255 999 999
2 245 254 999 999
2 246 253 999 999
2 247 252 999 999
2 248 251 999 999
0 249 250 999 999
2 250 249 999 999
2 251 248 999 999
0 252 247 999 999
0 253 246 999 999
0 254 245 999 999
2 255 244 999 999
2 256 243 999 999
0 257 242 999 999
1 258 241 999 999
2 259 240 999 999
2 260 239 999 999
2 261 238 999 999
2 262 237 999 999
2 263 236 999 999
0 264 235 999 999
2 265 234 999 999
1 266 233 999 999
2 267 232 999 999
2 268 231 999 999
2 269 230 999 999
0 270 229 999 999
2 271 228 999 999
0 272 227 999 999
0 273 226 999 999
2 274 225 999 999
2 275 224 999 999
2 276 223 999 999
2 277 222 999 999
2 278 221 999 999
2 279 220 999 999
2 280 219 999 999
2 281 218 999 999
2 282 217 999 999
1 283 216 999 999
2 284 215 999 999
2 285 214 999 999
2 286 213 999 999
0 287 212 999 999
1 288 211 999 999
2 289 210 999 999
2 290 209 999 999
2 291 208 999 999
1 292 207 999 999
0 293 206 999 999
2 294 205 999 999
2 295 204 999 999
0 296 203 999 999
0 297 202 999 999
2 298 201 999 999
2 299 200 999 999
1 300 199 999 999
2 301 198 999 999
0 302 197 999 999
1 303 196 999 999
0 304 195 999 999
2 305 194 999 999
2 306 193 999 999
2 307 192 999 999
2 308 191 999 999
2 309 190 999 999
2 310 189 999 999
2 311 188 999 999
2 312 187 999 999
1 313 186 999 999
2 314 185 999 999
0 315 184 999 999
2 316 183 999 999
1 317 182 999 999
1 318 181 999 999
0 319 180 999 999
0 320 179 999 999
1 321 178 999 999
2 322 177 999 999
1 323 176 999 999
2 324 175 999 999
0 325 174 999 999
2 326 173 999 999
2 327 172 999 999
0 328 171 999 999
2 329 170 999 999
2 330 169 999 999
1 331 168 999 999
2 332 167 999 999
2 333 166 999 999
1 334 165 999 999
1 335 164 999 999
2 336 163 999 999
2 337 162 999 999
2 338 161 999 999
0 339 160 999 999
1 340 159 999 999
2 341 158 999 999
0 342 157 999 999
2 343 156 999 999
0 344 155 999 999
1 345 154 999 999
1 346 153 999 999
1 347 152 999 999
2 348 151 999 999
2 349 150 999 999
1 350 149 999 999
2 351 148 999 999
1 352 147 999 999
2 353 146 999 999
2 354 145 999 999
0 355 144 999 999
0 356 143 999 999
1 357 142 999 999
0 358 141 999 999
1 359 140 999 999
0 360 139 999 999
1 361 138 999 999
2 362 137 999 999
1 363 136 999 999
0 364 135 999 999
0 365 134 999 999
2 366 133 999 999
2 367 132 999 999
2 368 131 999 999
2 369 130 999 999
1 370 129 999 999
2 371 128 999 999
2 372 127 999 999
2 373 126 999 999
2 374 125 999 999
2 375 124 999 999
2 376 123 999 999
2 377 122 999 999
2 378 121 999 999
1 379 120 999 999
2 380 119 999 999
2 381 118 999 999
2 382 117 999 999
2 383 116 999 999
2 384 115 999 999
2 385 114 999 999
0 386 113 999 999
0 387 112 999 999
2 388 111 999 999
2 389 110 999 999
0 390 109 999 999
0 391 108 999 999
1 392 107 999 999
2 393 106 999 999
2 394 105 999 999
1 395 104 999 999
2 396 103 999 999
2 397 102 999 999
2 398 101 999 999
1 399 100 999 999
2 400 99 999 999
2 401 98 999 999
2 402 97 999 999
2 403 96 999 999
2 404 95 999 999
0 405 94 999 999
2 406 93 999 999
2 407 92 999 999
1 408 91 999 999
2 409 90 999 999
2 410 89 999 999
2 411 88 999 999
2 412 87 999 999
2 413 86 999 999
1 414 85 999 999
2 415 84 999 999
0 416 83 999 999
1 417 82 999 999
2 418 81 999 999
2 419 80 999 999
0 420 79 999 999
2 421 78 999 999
2 422 77 999 999
2 423 76 999 999
2 424 75 999 999
2 425 74 999 999
2 426 73 999 999
0 427 72 999 999
1 428 71 999 999
2 429 70 999 999
2 430 69 999 999
1 431 68 999 999
2 432 67 999 999
2 433 66 999 999
0 434 65 999 999
2 435 64 999 999
2 436 63 999 999
2 437 62 999 999
2 438 61 999 999
0 439 60 999 999
1 440 59 999 999
2 441 58 999 999
2 442 57 999 999
0 443 56 999 999
0 444 55 999 999
0 445 54 999 999
0 446 53 999 999
2 447 52 999 999
2 448 51 999 999
2 449 50 999 999
2 450 49 999 999
2 451 48 999 999
0 452 47 999 999
0 453 46 999 999
2 454 45 999 999
2 455 44 999 999
0 456 43 999 999
0 457 42 999 999
1 458 41 999 999
1 459 40 999 999
0 460 39 999 999
2 461 38 999 999
0 462 37 999 999
2 463 36 999 999
2 464 35 999 999
2 465 34 999 999
2 466 33 999 999
2 467 32 999 999
1 468 31 999 999
2 469 30 999 999
2 470 29 999 999
2 471 28 999 999
1 472 27 999 999
0 473 26 999 999
2 474 25 999 999
2 475 24 999 999
2 476 23 999 999
2 477 22 999 999
2 478 21 999 999
0 479 20 999 999
1 480 19 999 999
0 481 18 999 999
2 482 17 999 999
1 483 16 999 999
2 484 15 999 999
2 485 14 999 999
2 486 13 999 999
0 487 12 999 999
2 488 11 999 999
0 489 10 999 999
1 490 9 999 999
2 491 8 999 999
0 492 7 999 999
2 493 6 999 999
2 494 5 999 999
2 495 4 999 999
1 496 3 999 999
0 497 2 999 999
1 498 1 999 999
2 499 0 999 999
