100
3 1
3 42
3 10000
10000 1
10000 10000
6337 8468
9174 6501
1483 5725
6969 9359
5708 4465
3288 8146
9964 6828
2998 492
4830 1943
2400 5437
3905 4605
295 154
7426 2383
9723 8717
5450 9896
4776 1727
1872 1539
5674 9913
7040 6300
8710 9895
1331 3812
7678 334
5146 4665
8260 7712
5554 6869
2671 7645
44 2758
8726 2860
7536 9742
2321 779
2197 3036
291 1843
9043 107
9269 8943
7453 2649
5895 3806
4377 6730
5011 5351
4400 1102
9634 3549
4091 2624
8761 9955
4969 1841
3936 7377
6949 6309
4633 2440
5540 1324
6123 1539
2936 2083
4836 6542
4642 1116
2711 9659
3982 9931
1682 2307
5024 2387
6931 8746
6273 9073
6784 5830
5100 5574
3993 6513
9164 3291
2362 8637
3662 4768
4034 5575
7357 2053
6946 1151
3971 1725
1116 3431
8012 192
5462 1338
7760 2288
4950 384
2218 8910
4228 9759
6425 8589
7513 4947
6418 3031
903 9169
8767 2592
7415 1656
7631 6360
1555 538
7602 6484
3605 4042
296 4351
9377 837
4599 1021
7355 4022
9673 3200
8284 4485
56 4735
6425 2000
6903 7939
8132 3789
3731 468
