20
1 0
2 1 1
3 1 2 1
100 99 1 1 1 1 1 1 1 1 1 1 1 1 1 1 1 1 1 1 1 1 1 1 1 1 1 1 1 1 1 1 1 1 1 1 1 1 1 1 1 1 1 1 1 1 1 1 1 1 1 1 1 1 1 1 1 1 1 1 1 1 1 1 1 1 1 1 1 1 1 1 1 1 1 1 1 1 1 1 1 1 1 1 1 1 1 1 1 1 1 1 1 1 1 1 1 1 1 1 1
3 2 2 2
3 4 0 0
3 2 2 0
3 1 1 0
10 0 0 0 0 0 0 0 0 0 0
100 100 0 1 1 1 1 1 1 1 1 1 1 1 1 1 1 1 1 1 1 1 1 1 1 1 1 1 1 1 1 1 1 1 1 1 1 1 1 1 1 1 1 1 1 1 1 1 1 1 1 1 1 1 1 1 1 1 1 1 1 1 1 1 1 1 1 1 1 1 1 1 1 1 1 1 1 1 1 1 1 1 1 1 1 1 1 1 1 1 1 1 1 1 1 1 1 1 1 1 1
20 16 18 12 15 9 9 6 10 14 5 10 19 14 4 1 10 17 19 11 1
40 17 32 29 0 15 1 14 35 2 17 27 38 12 26 15 0 26 3 11 23 25 30 1 23 9 4 23 1 8 24 30 30 2 25 36 13 32 20 23 25
60 18 26 19 14 22 58 13 13 34 33 17 58 8 33 49 5 40 15 47 5 10 13 6 45 34 4 55 43 4 46 41 10 27 30 26 2 49 22 40 55 43 13 36 18 35 30 32 38 43 22 35 35 36 42 33 48 3 7 19 31
80 79 33 62 45 63 57 11 69 1 66 38 21 7 18 11 31 20 34 52 62 79 79 5 66 4 19 36 23 75 52 60 44 77 42 36 19 36 39 44 68 50 34 72 24 69 20 0 3 25 39 70 0 63 44 74 67 13 12 75 11 6 33 46 71 11 70 36 75 1 28 7 35 37 62 53 23 30 39 1 31
100 62 95 54 49 99 95 13 37 23 73 97 12 78 20 33 52 8 47 94 6 95 80 93 97 53 91 19 51 68 31 23 50 1 0 88 20 56 42 60 78 63 23 16 57 1 59 80 98 24 47 1 20 32 91 54 3 2 91 0 55 41 37 98 89 44 24 35 2 69 88 17 34 40 36 34 95 42 56 53 49 80 93 87 48 26 97 50 52 89 59 53 96 45 91 62 75 19 50 41 98
20 1 10 1 1 1 1 8 1 1 1 1 1 2 1 1 1 1 1 1 2
40 1 1 1 1 19 1 1 1 1 3 1 1 5 8 1 3 1 2 3 1 1 2 1 1 1 1 1 1 1 1 1 1 1 1 1 1 1 1 1 2
60 25 20 1 1 1 13 1 2 2 1 1 1 1 1 1 1 1 1 1 1 1 1 1 1 1 1 1 1 1 1 1 1 1 1 1 1 1 1 1 1 1 1 1 1 1 1 1 1 1 1 1 1 1 1 1 1 1 1 1 2
80 1 65 1 10 3 3 1 1 1 1 1 1 1 1 1 1 1 1 1 1 1 1 1 1 1 1 1 1 1 1 1 1 1 1 1 1 1 1 1 1 1 1 1 1 1 1 1 1 1 1 1 1 1 1 1 1 1 1 1 1 1 1 1 1 1 1 1 1 1 1 1 1 1 1 1 1 1 1 1 2
100 28 11 1 5 1 1 1 1 57 1 1 1 1 1 1 1 1 1 1 1 1 1 1 1 1 1 1 1 1 1 1 1 1 1 1 1 1 1 1 1 1 1 1 1 1 1 1 1 1 1 1 1 1 1 1 1 1 1 1 1 1 1 1 1 1 1 1 1 1 1 1 1 1 1 1 1 1 1 1 1 1 1 1 1 1 1 1 1 1 1 1 1 1 1 1 1 1 1 1 2
