50
1 1
0.2 0.1 0.1 0 0.2 0.2 0.2
1 10
0 0.1 0.9 0 0 0 0
1 10
0 0 0 0.2 0.3 0.4 0.1
1 50
0.1 0 0.9 0 0 0 0
1 50
0.1 0 0.8 0.1 0 0 0
1 50
0.0 0.166666666667 0.166666666667 0.166666666667 0.166666666667 0.166666666667 0.166666666667
1 50
1.0 0.0 0.0 0.0 0.0 0.0 0.0
1 50
0.166666666667 0.0 0.166666666667 0.166666666667 0.166666666667 0.166666666667 0.166666666667
1 50
0.0 1.0 0.0 0.0 0.0 0.0 0.0
1 50
0.166666666667 0.166666666667 0.0 0.166666666667 0.166666666667 0.166666666667 0.166666666667
1 50
0.0 0.0 1.0 0.0 0.0 0.0 0.0
1 50
0.166666666667 0.166666666667 0.166666666667 0.0 0.166666666667 0.166666666667 0.166666666667
1 50
0.0 0.0 0.0 1.0 0.0 0.0 0.0
1 50
0.166666666667 0.166666666667 0.166666666667 0.166666666667 0.0 0.166666666667 0.166666666667
1 50
0.0 0.0 0.0 0.0 1.0 0.0 0.0
1 50
0.166666666667 0.166666666667 0.166666666667 0.166666666667 0.166666666667 0.0 0.166666666667
1 50
0.0 0.0 0.0 0.0 0.0 1.0 0.0
1 50
0.166666666667 0.166666666667 0.166666666667 0.166666666667 0.166666666667 0.166666666667 0.0
1 50
0.0 0.0 0.0 0.0 0.0 0.0 1.0
30 42
0.6334 0.0831 0.2153 0.0015 0.0122 0.0420 0.0125

12 13
0.5705 0.2369 0.0157 0.0897 0.0358 0.0491 0.0023

29 46
0.4827 0.0262 0.2919 0.0653 0.1222 0.0035 0.0082

42 43
0.7420 0.0649 0.0398 0.1487 0.0042 0.0001 0.0003

11 22
0.1869 0.3648 0.3247 0.0322 0.0565 0.0094 0.0255

4 4
0.1319 0.4287 0.0093 0.0362 0.3321 0.0283 0.0335

1 4
0.5545 0.0908 0.0730 0.1759 0.0975 0.0007 0.0076

22 24
0.7527 0.0778 0.0444 0.0531 0.0560 0.0071 0.0089

38 39
0.9040 0.0293 0.0560 0.0076 0.0022 0.0005 0.0004

6 41
0.4368 0.4084 0.1065 0.0125 0.0340 0.0014 0.0004

24 30
0.4082 0.2197 0.0146 0.1112 0.0038 0.0098 0.2327

5 32
0.6943 0.1859 0.0646 0.0263 0.0027 0.0235 0.0027

12 19
0.2927 0.2393 0.0152 0.3941 0.0523 0.0018 0.0046

1 5
0.3976 0.2306 0.1921 0.0810 0.0081 0.0628 0.0278

23 25
0.6270 0.2098 0.0649 0.0813 0.0138 0.0012 0.0020

8 37
0.9161 0.0156 0.0467 0.0029 0.0155 0.0031 0.0001

21 32
0.7348 0.1150 0.0408 0.0919 0.0062 0.0010 0.0103

8 8
0.8006 0.1362 0.0265 0.0143 0.0078 0.0093 0.0053

32 46
0.2206 0.1963 0.0893 0.3771 0.0582 0.0334 0.0251

4 7
0.6412 0.0456 0.0900 0.1329 0.0682 0.0101 0.0120

2 11
0.7622 0.1505 0.0572 0.0141 0.0064 0.0064 0.0032

3 3
0.0290 0.1703 0.1366 0.4378 0.0068 0.2061 0.0134

23 49
0.9667 0.0102 0.0161 0.0048 0.0007 0.0015 0.0000

9 19
0.6900 0.0687 0.1229 0.0467 0.0138 0.0393 0.0186

42 49
0.7806 0.0226 0.0527 0.0849 0.0279 0.0094 0.0219

7 10
0.8934 0.0379 0.0648 0.0009 0.0027 0.0000 0.0003

1 50
0.0300 0.6224 0.0577 0.0044 0.1193 0.0022 0.1640

1 50
0.3195 0.0067 0.3093 0.3405 0.0157 0.0075 0.0008

1 50
0.9503 0.0476 0.0010 0.0006 0.0000 0.0000 0.0005

1 50
0.4797 0.4873 0.0060 0.0202 0.0064 0.0002 0.0002

1 50
0.3620 0.5776 0.0192 0.0256 0.0001 0.0094 0.0061

