10
1 1
1 1
42 30
13 41
31 37
10 10
7 5
12 4
32 20
36 12
14 39
38 34
31 2
31 3
35 3
31 34
10 16
34 5
9 31
33 9
7 25
38 37
18 24
22 8
7 19
18 14
26 3
23 11
27 14
1 31
19 10
24 10
8 29
25 24
41 42
9 28
31 30
2 41
6 21
6 1
39 19
26 13
10 34
9 2
28 30
338 216
217 60
310 175
65 169
197 200
300 49
229 258
308 174
192 140
309 10
256 5
323 155
304 289
191 264
302 14
32 295
326 18
249 124
237 298
253 272
270 154
247 117
255 280
289 334
246 161
311 256
222 180
275 17
267 302
239 155
172 146
177 265
232 215
79 300
265 61
249 5
329 116
301 298
338 326
216 13
283 155
81 166
329 164
170 38
322 280
335 235
191 98
206 291
186 152
278 260
253 105
105 225
288 16
91 306
205 259
315 63
264 162
300 226
291 177
331 321
294 192
319 206
307 84
178 97
298 132
20 251
308 1
293 111
312 174
269 233
282 197
300 280
312 49
21 92
323 76
313 237
89 178
211 187
71 141
67 28
290 215
104 186
209 117
323 50
103 185
192 109
215 212
278 210
215 203
312 93
321 262
287 54
333 252
335 79
277 59
130 196
295 169
161 201
224 242
296 230
302 171
303 241
300 310
334 52
22 312
317 290
148 284
308 92
333 264
285 228
290 180
242 303
55 315
290 271
290 148
338 127
278 219
297 312
200 153
276 211
128 131
88 205
276 128
178 289
46 182
335 198
334 57
312 29
291 87
67 165
295 54
240 330
283 268
308 315
324 136
297 40
114 169
110 259
333 163
201 139
272 152
281 52
306 94
250 113
47 182
276 44
239 274
189 304
223 120
286 12
292 226
287 237
126 291
330 267
331 169
214 163
326 203
204 307
254 134
294 171
332 11
201 12
309 219
162 216
216 45
169 233
236 291
274 20
325 277
249 262
98 115
317 3
327 324
338 12
284 122
195 154
107 228
320 165
149 234
235 113
299 47
335 272
280 113
285 95
318 71
216 112
329 55
287 279
306 81
279 101
18 194
212 163
202 131
331 131
40 225
286 9
282 334
317 249
167 60
291 43
61 7
258 113
315 248
328 262
13 20
302 304
331 277
303 38
312 38
21 40
270 227
299 12
231 25
337 139
324 99
219 34
254 330
92 158
283 86
275 83
117 133
33 255
320 275
91 294
198 41
223 209
293 150
334 206
336 100
209 250
312 265
297 96
247 166
334 179
307 187
120 105
325 191
226 138
312 315
324 186
323 280
322 252
222 93
163 264
263 176
295 318
274 42
258 230
67 12
311 80
320 51
276 103
171 336
288 110
329 274
90 211
337 100
321 204
294 48
294 15
61 157
329 233
285 273
316 109
183 288
254 43
243 242
55 265
281 224
306 288
315 64
79 141
329 124
288 89
334 9
274 71
178 3
263 225
259 206
217 228
295 17
249 36
94 305
263 49
36 112
46 145
233 143
287 175
287 89
296 256
328 201
5 296
266 18
325 16
205 220
318 13
148 134
244 203
319 170
234 40
244 213
142 194
194 20
278 28
262 173
289 295
265 167
251 211
276 40
267 191
315 2
214 305
158 153
330 224
283 111
127 47
330 21
226 204
259 196
295 177
41 203
330 264
325 94
297 253
44 299
190 282
48 239
91 322
125 202
142 265
202 182
324 179
239 321
315 191
296 218
327 312
307 254
66 18
45 142
164 121
98 150
125 124
116 156
78 126
117 57
144 164
85 148
144 102
47 130
119 34
16 50
156 71
107 98
118 43
106 122
147 6
59 125
134 34
148 68
123 159
135 32
82 76
156 70
99 123
73 90
144 67
36 126
36 84
10 119
97 45
130 43
18 147
128 148
33 154
89 21
77 50
58 8
158 97
8 25
159 119
47 18
91 160
50 8
57 136
42 23
133 90
33 72
3 95
100 91
124 87
115 107
28 1
112 76
30 53
142 30
64 59
151 76
126 90
58 104
100 61
155 150
28 94
30 110
101 84
47 105
146 115
94 62
49 76
125 28
163 153
75 104
159 139
103 38
20 28
89 18
157 94
56 50
84 98
21 98
88 78
111 103
85 98
67 62
87 33
157 66
17 36
69 98
132 141
159 118
140 93
141 18
138 89
128 58
89 57
143 57
66 18
150 60
90 51
92 60
66 154
108 76
16 37
153 117
49 131
48 9
148 24
81 73
159 116
124 162
135 84
61 41
63 12
155 99
31 125
137 2
39 16
22 33
140 57
109 95
15 93
162 143
119 47
161 93
152 128
99 104
98 98
62 163
34 10
82 26
23 138
25 3
87 67
158 1
111 42
81 92
28 112
78 44
149 94
78 156
130 118
100 5
68 45
82 71
83 76
145 97
64 81
39 153
96 56
28 137
32 152
121 79
28 108
72 37
126 154
106 19
159 111
94 98
139 72
129 163
151 53
45 85
157 99
141 71
152 157
138 78
106 30
39 67
126 69
28 7
74 121
125 112
37 108
123 97
24 19
134 120
94 132
77 130
93 121
127 30
117 62
134 137
87 40
83 1
97 116
100 40
30 18
79 41
136 126
94 32
64 110
106 60
14 40
117 42
99 87
29 133
29 84
29 127
95 51
16 138
34 66
52 78
76 129
88 11
125 97
75 125
6 92
100 34
90 1
53 28
59 87
113 76
137 124
31 98
116 19
2 116
132 76
102 97
50 96
6 27
110 137
86 67
80 74
4 73
43 45
25 86
11 72
93 122
123 56
76 63
33 86
44 88
114 77
50 134
69 60
16 101
86 16
103 73
55 119
58 131
18 68
121 121
104 87
74 88
79 16
77 21
8 61
80 35
127 107
106 134
61 92
96 32
37 128
101 34
7 48
69 98
24 75
120 138
11 70
2 95
6 61
81 80
89 25
61 2
70 114
127 94
117 124
115 24
93 78
110 59
130 44
125 74
59 8
110 116
40 4
44 61
57 108
28 25
61 72
104 16
93 116
138 120
30 67
91 72
101 126
103 89
55 12
109 102
72 59
111 94
46 91
68 24
50 89
79 68
52 80
90 123
18 9
88 9
90 82
91 78
52 76
131 138
18 31
70 2
338 203
229 149
263 116
203 31
312 262
287 116
256 317
331 5
257 1
239 171
315 283
96 119
213 228
226 6
189 207
300 122
33 194
324 135
274 192
305 167
310 78
213 118
284 210
226 114
195 122
188 265
261 125
227 41
306 199
298 297
218 287
107 246
281 315
238 260
273 110
234 58
262 87
324 210
335 155
249 99
253 230
134 183
217 67
205 132
198 94
316 64
58 277
193 190
190 305
283 88
92 251
210 180
290 112
265 98
306 97
232 185
287 28
289 294
287 57
194 327
330 267
137 302
324 134
89 212
303 183
198 137
118 124
328 137
330 278
314 305
265 31
235 116
277 316
326 79
310 29
291 27
314 186
330 61
122 57
315 334
327 33
231 269
216 263
321 196
232 193
238 253
303 258
283 26
324 327
199 237
272 18
186 325
320 32
252 98
226 105
228 209
302 209
241 279
325 168
225 290
175 273
169 258
171 125
289 121
170 261
324 187
199 94
250 233
311 113
300 247
257 6
324 260
336 131
180 303
158 214
230 184
155 286
195 238
209 274
59 206
248 72
311 189
246 24
131 70
303 170
290 285
313 121
327 138
316 263
287 48
121 61
145 24
299 69
251 268
281 11
183 151
80 85
206 183
187 120
216 246
337 291
258 322
161 240
317 121
261 52
255 161
335 254
277 197
174 80
336 303
306 210
215 166
76 75
328 126
284 312
96 173
244 294
93 181
338 87
303 249
205 75
209 141
104 173
256 268
233 319
311 276
144 68
251 270
254 47
202 308
222 168
325 269
136 69
215 291
300 266
318 115
174 93
124 187
168 297
234 210
212 175
285 335
66 216
125 103
260 138
253 317
318 159
190 109
297 28
272 55
313 309
320 296
299 323
333 236
267 316
222 26
240 222
327 329
236 31
112 233
304 275
220 22
250 220
146 230
114 306
275 105
332 233
225 171
79 170
296 51
314 190
242 201
314 3
240 248
211 201
282 259
304 117
297 323
72 240
335 64
250 30
195 47
262 103
332 285
325 80
288 244
193 288
191 4
218 93
230 232
290 335
299 260
306 37
133 118
331 241
80 207
334 224
298 100
285 1
205 325
104 70
312 246
252 61
281 181
324 285
41 282
78 162
27 261
290 20
90 67
328 34
302 115
252 231
186 27
297 260
280 254
267 199
333 10
57 69
313 202
318 310
329 26
297 81
216 226
331 235
320 66
335 209
19 18
307 296
127 198
46 149
336 154
329 133
265 168
327 199
254 287
181 127
287 199
282 262
278 206
93 238
326 305
273 1
288 262
165 217
103 173
229 96
318 273
323 109
268 239
292 297
315 167
333 189
333 180
269 320
244 333
261 328
292 205
325 276
273 213
289 48
328 284
272 91
278 256
128 217
71 77
139 27
298 261
12 56
264 63
244 190
301 184
326 102
302 221
318 289
316 21
29 25
110 236
197 294
144 178
130 98
291 316
304 214
244 28
337 168
118 242
290 275
249 320
250 288
300 97
235 83
283 119
318 106
322 181
149 327
307 45
245 288
257 182
329 187
172 143
138 44
43 127
106 164
112 95
64 2
46 160
59 167
54 100
18 105
108 39
92 63
149 73
37 147
107 137
72 64
142 89
163 130
143 149
97 52
25 114
66 167
169 153
70 45
124 84
137 156
103 168
164 167
40 136
139 143
95 33
144 43
103 111
132 13
151 152
22 112
61 125
60 142
105 1
140 109
172 36
11 22
139 157
39 101
47 87
105 168
23 151
148 40
14 112
133 40
133 131
130 99
60 131
162 7
56 45
42 32
124 46
154 163
75 169
141 92
164 7
152 95
103 172
43 116
153 60
22 68
107 59
115 8
115 166
141 64
34 2
64 110
164 120
42 45
76 69
145 56
7 22
163 121
109 2
130 125
118 125
105 99
50 89
161 8
80 76
126 31
98 90
86 81
7 146
36 5
43 103
120 92
3 95
124 30
81 164
155 102
166 125
109 79
114 79
152 8
30 103
75 140
145 52
95 145
89 160
90 151
72 9
113 107
83 137
169 128
46 69
79 15
45 149
129 8
47 142
168 127
23 3
98 158
136 82
16 136
20 35
51 1
75 146
110 147
76 129
61 162
164 157
86 46
121 26
86 158
48 132
41 102
115 151
95 128
56 74
134 79
45 130
38 112
88 171
167 9
95 137
12 164
84 8
42 107
132 36
61 157
20 111
94 92
164 42
54 94
171 85
155 157
55 37
166 20
93 48
72 10
158 165
75 116
8 14
32 89
87 25
135 112
142 18
162 142
153 70
55 84
10 122
163 48
159 151
157 77
156 67
69 40
168 57
360 225
306 80
132 331
346 171
178 360
235 328
309 121
181 22
128 102
164 178
344 299
360 5
181 330
303 165
302 350
333 74
297 277
276 16
283 41
277 196
342 197
343 318
351 220
312 322
316 82
184 20
356 192
314 123
264 160
354 73
242 171
312 142
357 35
317 207
342 240
217 130
355 80
287 16
315 342
335 45
242 349
282 322
248 206
289 149
75 353
280 295
92 230
251 222
282 150
305 309
342 268
228 208
354 128
233 359
352 12
337 358
349 243
288 75
286 254
360 128
253 205
145 297
184 3
349 6
350 355
84 23
266 150
166 98
355 136
260 328
333 281
360 166
354 176
159 181
278 254
301 360
356 54
297 225
221 283
65 239
188 53
195 77
353 275
330 55
182 314
249 303
345 142
185 110
348 252
312 179
294 279
342 84
229 68
335 81
261 89
277 170
297 245
326 281
203 107
359 354
325 328
360 327
198 60
331 24
156 145
286 198
307 272
279 179
269 190
233 343
282 198
300 29
268 83
206 256
311 6
238 9
355 213
336 212
325 182
311 52
265 318
249 159
265 1
275 100
338 75
352 310
311 157
353 162
348 218
264 10
284 32
316 273
337 66
199 134
281 194
138 223
282 36
143 36
282 184
196 302
340 28
358 360
149 190
14 3
327 30
356 82
68 236
224 69
246 176
137 10
110 227
325 124
256 291
332 102
307 217
220 104
235 286
274 109
295 259
261 216
230 322
257 218
280 342
291 256
282 234
356 20
308 133
218 208
314 183
352 212
76 125
331 304
258 303
285 36
249 195
333 129
312 185
333 126
266 90
213 344
221 198
289 250
288 219
207 272
237 89
329 63
322 155
346 342
347 353
350 272
337 351
298 169
334 232
316 46
257 234
360 324
178 64
179 246
318 278
339 38
294 170
347 167
339 42
202 182
309 13
246 50
285 301
305 127
337 4
206 128
219 85
299 140
336 301
88 263
277 320
259 94
43 179
50 148
231 148
105 194
358 69
356 290
117 299
269 350
191 318
206 131
333 249
15 83
181 129
302 321
350 195
251 205
324 291
282 102
246 125
256 324
345 339
292 121
285 308
248 358
288 340
344 78
183 66
117 136
323 183
304 317
138 344
336 359
271 261
227 145
112 309
358 110
245 196
305 259
285 56
306 62
297 132
339 31
203 2
341 89
44 118
339 275
286 164
235 169
152 153
305 208
338 155
329 286
299 264
347 113
303 327
291 16
207 67
350 228
12 294
307 308
200 155
284 72
354 39
251 268
79 328
192 334
240 188
260 253
354 316
90 80
241 344
296 112
257 141
332 286
248 341
333 211
135 23
356 179
57 187
124 343
236 350
359 71
350 171
283 105
338 198
289 281
274 268
340 320
157 265
313 149
346 159
247 356
158 335
345 251
277 78
238 229
331 270
79 77
327 313
325 346
321 50
261 95
267 164
291 338
261 335
338 106
280 63
319 93
237 229
256 158
300 126
201 211
327 281
344 32
302 165
331 60
348 358
269 149
330 267
210 115
320 145
181 23
223 24
350 56
150 323
323 219
281 30
332 190
261 13
176 83
301 186
318 43
350 92
334 238
200 38
324 40
291 238
279 235
308 293
260 150
316 179
323 93
294 336
221 323
314 112
400 122
381 128
393 310
392 106
357 179
377 124
381 390
380 276
385 322
398 48
377 200
346 306
349 155
372 275
344 165
371 382
374 205
238 283
397 30
256 32
322 323
277 138
285 152
395 332
305 166
396 273
369 263
317 147
325 37
328 66
324 41
329 223
382 269
225 309
379 11
325 45
295 101
268 167
107 32
310 308
307 232
381 136
390 201
393 264
389 144
240 209
304 246
294 46
247 352
333 16
285 380
292 277
381 338
252 318
399 195
399 158
283 325
306 73
377 326
390 181
197 392
196 170
399 366
370 362
279 193
400 15
377 259
353 347
223 364
383 132
391 236
379 231
332 23
243 85
375 182
345 25
306 102
398 125
50 124
150 115
315 295
376 199
226 313
384 189
13 254
365 48
397 136
378 134
392 342
294 176
248 373
355 149
304 41
323 261
386 343
307 314
392 387
379 39
297 372
385 319
306 349
283 271
325 249
389 151
311 4
372 305
379 71
391 347
397 84
119 382
368 321
297 83
330 323
393 208
381 11
313 259
363 193
370 111
385 258
372 241
305 198
383 393
285 97
372 39
367 282
341 328
247 291
218 49
376 277
396 32
372 83
311 191
326 28
326 31
397 130
386 24
375 333
378 83
386 295
361 13
321 321
377 274
358 391
96 385
356 245
304 399
373 298
392 300
314 51
319 87
388 189
400 350
395 132
319 208
388 183
203 262
382 396
359 75
389 129
357 277
238 109
373 270
195 156
395 297
284 147
349 131
378 400
208 34
384 273
398 314
385 61
328 258
373 353
377 12
369 164
331 268
394 356
300 287
223 273
348 252
399 210
391 339
332 80
344 352
392 202
365 186
343 132
356 138
249 224
230 48
332 297
386 385
335 9
197 49
379 331
223 171
314 350
360 398
397 16
232 360
41 192
384 21
243 361
398 261
380 58
376 8
295 352
380 27
397 400
188 169
363 124
230 141
367 81
357 112
315 278
276 299
398 207
378 62
332 140
398 138
297 263
337 111
308 190
285 348
197 297
394 75
245 379
349 154
389 117
372 32
212 206
360 368
368 49
203 382
227 344
222 145
347 337
349 254
357 298
351 389
291 327
239 288
334 369
387 32
268 78
245 329
349 268
264 110
333 296
213 281
124 246
307 62
372 28
162 156
381 366
399 97
397 93
129 246
47 35
178 28
352 25
279 337
396 336
314 373
195 225
361 278
309 229
306 254
397 7
342 189
333 150
370 396
372 186
285 161
238 12
386 376
308 250
323 381
246 372
271 65
121 208
399 363
69 300
322 283
395 160
353 101
313 84
337 175
297 249
382 321
306 312
273 90
346 235
392 265
318 218
381 102
382 266
362 179
263 229
322 285
382 280
355 110
275 137
344 35
386 306
74 321
380 230
331 317
383 364
123 66
398 326
373 310
391 349
378 251
332 336
349 217
352 201
374 152
280 220
302 256
107 141
309 107
364 204
375 311
355 21
332 93
370 206
332 217
292 31
367 168
298 350
296 217
382 265
360 157
265 355
213 321
258 305
353 239
69 220
345 259
398 345
281 133
269 44
140 20
335 395
398 400
391 173
390 74
362 250
388 243
287 48
345 103
361 24
324 357
318 301
374 290
377 229
224 62
211 249
303 8
364 250
177 134
325 360
193 207
372 394
398 272
314 275
293 114
309 58
390 222
286 274
89 36
397 394
353 208
371 336
49 341
333 176
385 149
348 14
381 83
347 388
393 187
344 118
188 16
358 65
335 392
392 174
44 284
380 93
391 151
379 134
367 251
369 360
213 264
382 133
291 323
307 323
296 203
339 397
310 127
127 28
400 271
357 268
352 187
294 211
400 65
369 284
362 48
349 163
397 286
275 29
399 153
384 133
223 243
324 22
242 210
370 67
318 263
381 72
217 292
367 9
128 350
367 326
394 124
344 135
378 53
346 376
381 338
378 214
320 242
395 169
389 101
339 242
353 316
350 188
161 157
296 137
393 11
392 162
369 58
241 113
346 17
338 254
391 17
273 39
301 197
325 333
369 295
398 253
368 10
393 145
329 26
394 354
254 272
108 83
244 84
205 68
386 310
298 152
398 40
397 163
257 49
265 317
352 333
92 60
380 394
41 249
358 45
305 240
394 392
179 204
339 206
400 114
388 257
395 327
277 351
261 39
389 235
367 290
382 93
369 153
173 194
293 387
379 308
391 288
391 78
377 221
77 248
266 116
398 335
378 271
286 302
387 261
329 123
369 267
385 349
254 335
389 191
330 367
392 133
232 163
335 399
341 324
383 38
388 370
254 189
315 300
238 226
373 69
379 201
219 129
393 385
353 270
400 59
396 118
318 267
393 205
369 88
346 243
364 231
241 105
308 331
308 187
396 223
368 4
373 299
367 359
321 376
363 318
400 129
312 12
357 353
388 172
326 210
347 32
269 178
382 368
290 58
399 160
367 30
311 383
348 378
306 389
376 76
191 2
354 56
383 268
31 230
363 114
374 80
393 187
270 242
358 202
344 56
253 347
342 304
381 348
372 125
381 232
260 247
335 14
206 225
396 120
375 47
237 85
344 3
356 315
237 126
371 291
383 289
388 1
380 286
395 2
398 89
374 140
395 126
375 335
311 13
355 86
277 239
314 200
319 149
292 224
79 338
357 315
385 22
315 68
314 373
122 95
257 317
247 281
353 391
292 61
394 304
251 152
299 249
398 159
327 221
378 23
372 213
48 313
250 342
241 210
360 305
349 311
310 112
260 370
358 232
351 199
249 328
354 228
380 246
366 124
357 63
383 176
361 11
364 294
385 279
145 205
364 169
329 102
381 165
284 322
220 202
398 155
354 68
271 247
394 308
290 255
350 351
382 349
396 150
345 91
368 321
376 93
77 339
375 125
334 223
255 293
340 134
390 394
299 42
387 211
363 109
376 359
376 308
380 288
377 204
237 279
372 245
391 347
391 233
267 253
173 152
348 360
200 328
173 333
288 76
378 252
355 223
334 56
265 358
376 345
246 314
355 323
259 202
294 349
399 396
361 360
387 102
351 347
279 200
322 176
393 311
299 259
289 179
393 119
324 38
354 172
74 153
383 169
369 389
386 390
207 350
193 105
182 185
385 70
337 249
352 394
66 146
355 87
326 85
360 372
333 305
365 94
342 146
387 82
377 136
389 131
268 385
378 234
92 9
277 200
343 200
116 177
319 34
395 268
348 57
198 326
380 365
393 331
309 169
397 242
369 359
345 332
398 98
144 219
251 187
334 395
381 391
361 12
368 394
260 141
299 226
299 281
377 29
261 4
372 394
215 86
241 145
310 222
372 180
349 162
355 229
154 346
303 260
343 304
306 327
380 345
364 275
323 172
377 212
385 134
285 263
87 282
330 1
330 322
373 286
385 175
391 8
372 373
353 60
274 208
302 157
242 399
296 272
328 172
345 392
287 158
384 106
348 111
354 97
381 104
360 220
144 163
385 247
261 175
335 80
287 25
250 26
350 255
325 335
331 45
364 131
395 177
385 336
393 216
338 173
343 271
354 90
398 156
372 364
390 62
14 21
357 382
198 60
386 24
253 209
168 22
368 23
343 10
331 211
395 82
336 396
384 130
346 107
382 363
360 104
399 38
321 269
270 383
175 205
