10000
3
4
5
6
7
8
9
10
11
12
13
14
15
16
17
18
19
20
21
22
23
24
25
26
27
28
29
30
31
32
33
34
35
36
37
38
39
40
41
42
43
44
45
46
47
48
49
50
51
52
53
54
55
56
57
58
59
60
61
62
63
64
65
66
67
68
69
70
71
72
73
74
75
76
77
78
79
80
81
82
83
84
85
86
87
88
89
90
91
92
93
94
95
96
97
98
99
100
101
102
103
104
105
106
107
108
109
110
111
112
113
114
115
116
117
118
119
120
121
122
123
124
125
126
127
128
129
130
131
132
133
134
135
136
137
138
139
140
141
142
143
144
145
146
147
148
149
150
151
152
153
154
155
156
157
158
159
160
161
162
163
164
165
166
167
168
169
170
171
172
173
174
175
176
177
178
179
180
181
182
183
184
185
186
187
188
189
190
191
192
193
194
195
196
197
198
199
200
201
202
203
204
205
206
207
208
209
210
211
212
213
214
215
216
217
218
219
220
221
222
223
224
225
226
227
228
229
230
231
232
233
234
235
236
237
238
239
240
241
242
243
244
245
246
247
248
249
250
251
252
253
254
255
256
257
258
259
260
261
262
263
264
265
266
267
268
269
270
271
272
273
274
275
276
277
278
279
280
281
282
283
284
285
286
287
288
289
290
291
292
293
294
295
296
297
298
299
300
301
302
303
304
305
306
307
308
309
310
311
312
313
314
315
316
317
318
319
320
321
322
323
324
325
326
327
328
329
330
331
332
333
334
335
336
337
338
339
340
341
342
343
344
345
346
347
348
349
350
351
352
353
354
355
356
357
358
359
360
361
362
363
364
365
366
367
368
369
370
371
372
373
374
375
376
377
378
379
380
381
382
383
384
385
386
387
388
389
390
391
392
393
394
395
396
397
398
399
400
401
402
403
404
405
406
407
408
409
410
411
412
413
414
415
416
417
418
419
420
421
422
423
424
425
426
427
428
429
430
431
432
433
434
435
436
437
438
439
440
441
442
443
444
445
446
447
448
449
450
451
452
453
454
455
456
457
458
459
460
461
462
463
464
465
466
467
468
469
470
471
472
473
474
475
476
477
478
479
480
481
482
483
484
485
486
487
488
489
490
491
492
493
494
495
496
497
498
499
500
501
502
503
504
505
506
507
508
509
510
511
512
513
514
515
516
517
518
519
520
521
522
523
524
525
526
527
528
529
530
531
532
533
534
535
536
537
538
539
540
541
542
543
544
545
546
547
548
549
550
551
552
553
554
555
556
557
558
559
560
561
562
563
564
565
566
567
568
569
570
571
572
573
574
575
576
577
578
579
580
581
582
583
584
585
586
587
588
589
590
591
592
593
594
595
596
597
598
599
600
601
602
603
604
605
606
607
608
609
610
611
612
613
614
615
616
617
618
619
620
621
622
623
624
625
626
627
628
629
630
631
632
633
634
635
636
637
638
639
640
641
642
643
644
645
646
647
648
649
650
651
652
653
654
655
656
657
658
659
660
661
662
663
664
665
666
667
668
669
670
671
672
673
674
675
676
677
678
679
680
681
682
683
684
685
686
687
688
689
690
691
692
693
694
695
696
697
698
699
700
701
702
703
704
705
706
707
708
709
710
711
712
713
714
715
716
717
718
719
720
721
722
723
724
725
726
727
728
729
730
731
732
733
734
735
736
737
738
739
740
741
742
743
744
745
746
747
748
749
750
751
752
753
754
755
756
757
758
759
760
761
762
763
764
765
766
767
768
769
770
771
772
773
774
775
776
777
778
779
780
781
782
783
784
785
786
787
788
789
790
791
792
793
794
795
796
797
798
799
800
801
802
803
804
805
806
807
808
809
810
811
812
813
814
815
816
817
818
819
820
821
822
823
824
825
826
827
828
829
830
831
832
833
834
835
836
837
838
839
840
841
842
843
844
845
846
847
848
849
850
851
852
853
854
855
856
857
858
859
860
861
862
863
864
865
866
867
868
869
870
871
872
873
874
875
876
877
878
879
880
881
882
883
884
885
886
887
888
889
890
891
892
893
894
895
896
897
898
899
900
901
902
903
904
905
906
907
908
909
910
911
912
913
914
915
916
917
918
919
920
921
922
923
924
925
926
927
928
929
930
931
932
933
934
935
936
937
938
939
940
941
942
943
944
945
946
947
948
949
950
951
952
953
954
955
956
957
958
959
960
961
962
963
964
965
966
967
968
969
970
971
972
973
974
975
976
977
978
979
980
981
982
983
984
985
986
987
988
989
990
991
992
993
994
995
996
997
998
999
1000
1001
1002
2000000000
1999999999
1999999998
1999999997
1999999996
1999999995
1999999994
1999999993
1999999992
1999999991
1999999990
1999999989
1999999988
1999999987
1999999986
1999999985
1999999984
1999999983
1999999982
1999999981
1999999980
1999999979
1999999978
1999999977
1999999976
1999999975
1999999974
1999999973
1999999972
1999999971
1999999970
1999999969
1999999968
1999999967
1999999966
1999999965
1999999964
1999999963
1999999962
1999999961
1999999960
1999999959
1999999958
1999999957
1999999956
1999999955
1999999954
1999999953
1999999952
1999999951
1999999950
1999999949
1999999948
1999999947
1999999946
1999999945
1999999944
1999999943
1999999942
1999999941
1999999940
1999999939
1999999938
1999999937
1999999936
1999999935
1999999934
1999999933
1999999932
1999999931
1999999930
1999999929
1999999928
1999999927
1999999926
1999999925
1999999924
1999999923
1999999922
1999999921
1999999920
1999999919
1999999918
1999999917
1999999916
1999999915
1999999914
1999999913
1999999912
1999999911
1999999910
1999999909
1999999908
1999999907
1999999906
1999999905
1999999904
1999999903
1999999902
1999999901
1999999900
1999999899
1999999898
1999999897
1999999896
1999999895
1999999894
1999999893
1999999892
1999999891
1999999890
1999999889
1999999888
1999999887
1999999886
1999999885
1999999884
1999999883
1999999882
1999999881
1999999880
1999999879
1999999878
1999999877
1999999876
1999999875
1999999874
1999999873
1999999872
1999999871
1999999870
1999999869
1999999868
1999999867
1999999866
1999999865
1999999864
1999999863
1999999862
1999999861
1999999860
1999999859
1999999858
1999999857
1999999856
1999999855
1999999854
1999999853
1999999852
1999999851
1999999850
1999999849
1999999848
1999999847
1999999846
1999999845
1999999844
1999999843
1999999842
1999999841
1999999840
1999999839
1999999838
1999999837
1999999836
1999999835
1999999834
1999999833
1999999832
1999999831
1999999830
1999999829
1999999828
1999999827
1999999826
1999999825
1999999824
1999999823
1999999822
1999999821
1999999820
1999999819
1999999818
1999999817
1999999816
1999999815
1999999814
1999999813
1999999812
1999999811
1999999810
1999999809
1999999808
1999999807
1999999806
1999999805
1999999804
1999999803
1999999802
1999999801
1999999800
1999999799
1999999798
1999999797
1999999796
1999999795
1999999794
1999999793
1999999792
1999999791
1999999790
1999999789
1999999788
1999999787
1999999786
1999999785
1999999784
1999999783
1999999782
1999999781
1999999780
1999999779
1999999778
1999999777
1999999776
1999999775
1999999774
1999999773
1999999772
1999999771
1999999770
1999999769
1999999768
1999999767
1999999766
1999999765
1999999764
1999999763
1999999762
1999999761
1999999760
1999999759
1999999758
1999999757
1999999756
1999999755
1999999754
1999999753
1999999752
1999999751
1999999750
1999999749
1999999748
1999999747
1999999746
1999999745
1999999744
1999999743
1999999742
1999999741
1999999740
1999999739
1999999738
1999999737
1999999736
1999999735
1999999734
1999999733
1999999732
1999999731
1999999730
1999999729
1999999728
1999999727
1999999726
1999999725
1999999724
1999999723
1999999722
1999999721
1999999720
1999999719
1999999718
1999999717
1999999716
1999999715
1999999714
1999999713
1999999712
1999999711
1999999710
1999999709
1999999708
1999999707
1999999706
1999999705
1999999704
1999999703
1999999702
1999999701
1999999700
1999999699
1999999698
1999999697
1999999696
1999999695
1999999694
1999999693
1999999692
1999999691
1999999690
1999999689
1999999688
1999999687
1999999686
1999999685
1999999684
1999999683
1999999682
1999999681
1999999680
1999999679
1999999678
1999999677
1999999676
1999999675
1999999674
1999999673
1999999672
1999999671
1999999670
1999999669
1999999668
1999999667
1999999666
1999999665
1999999664
1999999663
1999999662
1999999661
1999999660
1999999659
1999999658
1999999657
1999999656
1999999655
1999999654
1999999653
1999999652
1999999651
1999999650
1999999649
1999999648
1999999647
1999999646
1999999645
1999999644
1999999643
1999999642
1999999641
1999999640
1999999639
1999999638
1999999637
1999999636
1999999635
1999999634
1999999633
1999999632
1999999631
1999999630
1999999629
1999999628
1999999627
1999999626
1999999625
1999999624
1999999623
1999999622
1999999621
1999999620
1999999619
1999999618
1999999617
1999999616
1999999615
1999999614
1999999613
1999999612
1999999611
1999999610
1999999609
1999999608
1999999607
1999999606
1999999605
1999999604
1999999603
1999999602
1999999601
1999999600
1999999599
1999999598
1999999597
1999999596
1999999595
1999999594
1999999593
1999999592
1999999591
1999999590
1999999589
1999999588
1999999587
1999999586
1999999585
1999999584
1999999583
1999999582
1999999581
1999999580
1999999579
1999999578
1999999577
1999999576
1999999575
1999999574
1999999573
1999999572
1999999571
1999999570
1999999569
1999999568
1999999567
1999999566
1999999565
1999999564
1999999563
1999999562
1999999561
1999999560
1999999559
1999999558
1999999557
1999999556
1999999555
1999999554
1999999553
1999999552
1999999551
1999999550
1999999549
1999999548
1999999547
1999999546
1999999545
1999999544
1999999543
1999999542
1999999541
1999999540
1999999539
1999999538
1999999537
1999999536
1999999535
1999999534
1999999533
1999999532
1999999531
1999999530
1999999529
1999999528
1999999527
1999999526
1999999525
1999999524
1999999523
1999999522
1999999521
1999999520
1999999519
1999999518
1999999517
1999999516
1999999515
1999999514
1999999513
1999999512
1999999511
1999999510
1999999509
1999999508
1999999507
1999999506
1999999505
1999999504
1999999503
1999999502
1999999501
1999999500
1999999499
1999999498
1999999497
1999999496
1999999495
1999999494
1999999493
1999999492
1999999491
1999999490
1999999489
1999999488
1999999487
1999999486
1999999485
1999999484
1999999483
1999999482
1999999481
1999999480
1999999479
1999999478
1999999477
1999999476
1999999475
1999999474
1999999473
1999999472
1999999471
1999999470
1999999469
1999999468
1999999467
1999999466
1999999465
1999999464
1999999463
1999999462
1999999461
1999999460
1999999459
1999999458
1999999457
1999999456
1999999455
1999999454
1999999453
1999999452
1999999451
1999999450
1999999449
1999999448
1999999447
1999999446
1999999445
1999999444
1999999443
1999999442
1999999441
1999999440
1999999439
1999999438
1999999437
1999999436
1999999435
1999999434
1999999433
1999999432
1999999431
1999999430
1999999429
1999999428
1999999427
1999999426
1999999425
1999999424
1999999423
1999999422
1999999421
1999999420
1999999419
1999999418
1999999417
1999999416
1999999415
1999999414
1999999413
1999999412
1999999411
1999999410
1999999409
1999999408
1999999407
1999999406
1999999405
1999999404
1999999403
1999999402
1999999401
1999999400
1999999399
1999999398
1999999397
1999999396
1999999395
1999999394
1999999393
1999999392
1999999391
1999999390
1999999389
1999999388
1999999387
1999999386
1999999385
1999999384
1999999383
1999999382
1999999381
1999999380
1999999379
1999999378
1999999377
1999999376
1999999375
1999999374
1999999373
1999999372
1999999371
1999999370
1999999369
1999999368
1999999367
1999999366
1999999365
1999999364
1999999363
1999999362
1999999361
1999999360
1999999359
1999999358
1999999357
1999999356
1999999355
1999999354
1999999353
1999999352
1999999351
1999999350
1999999349
1999999348
1999999347
1999999346
1999999345
1999999344
1999999343
1999999342
1999999341
1999999340
1999999339
1999999338
1999999337
1999999336
1999999335
1999999334
1999999333
1999999332
1999999331
1999999330
1999999329
1999999328
1999999327
1999999326
1999999325
1999999324
1999999323
1999999322
1999999321
1999999320
1999999319
1999999318
1999999317
1999999316
1999999315
1999999314
1999999313
1999999312
1999999311
1999999310
1999999309
1999999308
1999999307
1999999306
1999999305
1999999304
1999999303
1999999302
1999999301
1999999300
1999999299
1999999298
1999999297
1999999296
1999999295
1999999294
1999999293
1999999292
1999999291
1999999290
1999999289
1999999288
1999999287
1999999286
1999999285
1999999284
1999999283
1999999282
1999999281
1999999280
1999999279
1999999278
1999999277
1999999276
1999999275
1999999274
1999999273
1999999272
1999999271
1999999270
1999999269
1999999268
1999999267
1999999266
1999999265
1999999264
1999999263
1999999262
1999999261
1999999260
1999999259
1999999258
1999999257
1999999256
1999999255
1999999254
1999999253
1999999252
1999999251
1999999250
1999999249
1999999248
1999999247
1999999246
1999999245
1999999244
1999999243
1999999242
1999999241
1999999240
1999999239
1999999238
1999999237
1999999236
1999999235
1999999234
1999999233
1999999232
1999999231
1999999230
1999999229
1999999228
1999999227
1999999226
1999999225
1999999224
1999999223
1999999222
1999999221
1999999220
1999999219
1999999218
1999999217
1999999216
1999999215
1999999214
1999999213
1999999212
1999999211
1999999210
1999999209
1999999208
1999999207
1999999206
1999999205
1999999204
1999999203
1999999202
1999999201
1999999200
1999999199
1999999198
1999999197
1999999196
1999999195
1999999194
1999999193
1999999192
1999999191
1999999190
1999999189
1999999188
1999999187
1999999186
1999999185
1999999184
1999999183
1999999182
1999999181
1999999180
1999999179
1999999178
1999999177
1999999176
1999999175
1999999174
1999999173
1999999172
1999999171
1999999170
1999999169
1999999168
1999999167
1999999166
1999999165
1999999164
1999999163
1999999162
1999999161
1999999160
1999999159
1999999158
1999999157
1999999156
1999999155
1999999154
1999999153
1999999152
1999999151
1999999150
1999999149
1999999148
1999999147
1999999146
1999999145
1999999144
1999999143
1999999142
1999999141
1999999140
1999999139
1999999138
1999999137
1999999136
1999999135
1999999134
1999999133
1999999132
1999999131
1999999130
1999999129
1999999128
1999999127
1999999126
1999999125
1999999124
1999999123
1999999122
1999999121
1999999120
1999999119
1999999118
1999999117
1999999116
1999999115
1999999114
1999999113
1999999112
1999999111
1999999110
1999999109
1999999108
1999999107
1999999106
1999999105
1999999104
1999999103
1999999102
1999999101
1999999100
1999999099
1999999098
1999999097
1999999096
1999999095
1999999094
1999999093
1999999092
1999999091
1999999090
1999999089
1999999088
1999999087
1999999086
1999999085
1999999084
1999999083
1999999082
1999999081
1999999080
1999999079
1999999078
1999999077
1999999076
1999999075
1999999074
1999999073
1999999072
1999999071
1999999070
1999999069
1999999068
1999999067
1999999066
1999999065
1999999064
1999999063
1999999062
1999999061
1999999060
1999999059
1999999058
1999999057
1999999056
1999999055
1999999054
1999999053
1999999052
1999999051
1999999050
1999999049
1999999048
1999999047
1999999046
1999999045
1999999044
1999999043
1999999042
1999999041
1999999040
1999999039
1999999038
1999999037
1999999036
1999999035
1999999034
1999999033
1999999032
1999999031
1999999030
1999999029
1999999028
1999999027
1999999026
1999999025
1999999024
1999999023
1999999022
1999999021
1999999020
1999999019
1999999018
1999999017
1999999016
1999999015
1999999014
1999999013
1999999012
1999999011
1999999010
1999999009
1999999008
1999999007
1999999006
1999999005
1999999004
1999999003
1999999002
1999999001
957815
194435920
49321349
24166128
13333067
560353251
59584214
151644243
1018246071
85182903
37239495
285391369
428538653
812178513
439885241
214675177
329263026
113169223
205483307
113165073
38916426
50070003
20330229
683301083
967140849
373882413
222309079
78849543
37106691
395623171
401963395
587253153
182077743
277728591
140996267
55282422
102175203
30205283
225996823
285783153
30849693
88309875
35335985
321813455
243329271
68911887
543568273
29389803
163446069
36396645
103293285
62269779
249220369
597183779
155315237
276926751
275790791
257001163
98491475
41205603
187641339
462192866
502481667
623355381
1811811
118919043
802003359
3359326
167825138
252469363
312310518
10614558
25661771
174389994
342649879
3089505
157826879
364982781
843748317
33273793
81119691
328086463
775668816
127260239
223952401
30403191
352144272
59812055
98897417
121457690
800404263
665636093
290784420
1021208965
19905893
217219080
162635960
78990417
665529807
112890207
385623593
390653955
39211867
308331363
37709488
110863511
765229483
99435213
44967672
90974915
9401049
331974283
27838083
263724963
118462799
240224403
92711192
181111407
418218771
135521298
330910878
47557738
137002407
713758195
478262529
403310188
81649779
42355148
937404471
62857812
79692408
729348777
546066249
83860529
587532753
556803803
296255963
362146863
95173
254428807
243523919
585673455
107139321
553519949
144303701
639995996
282052432
9691503
762746211
327457275
94794400
247474425
365230803
455569593
234668035
310533978
160860027
132533296
350703928
38711819
656914947
310533141
156074031
110259606
6406355
310869243
174802663
173005857
234167243
649530179
243285528
226162107
411959352
459307423
18915405
193435135
85783839
21134083
14167491
95569497
132519675
468798060
63559218
574977273
313286340
75430021
346962883
165245913
485134183
350339421
132395315
541341063
380890380
77260583
175861611
65046349
29354949
367071755
763736473
398164122
285924663
86975594
63329777
223632205
314163806
28961893
551198091
348361788
107517296
83183628
76226916
404855683
80889843
349809472
263323068
574912601
108837335
102126867
844848439
454607905
47214696
144300644
254592579
46848810
387466093
877009059
481243146
179481561
810075963
163439363
333911553
12582045
131499321
260647679
320719718
136762915
585830369
418596043
679830369
623033843
115487622
226120770
393568407
492850011
721456397
627749703
267668040
248811987
396002435
232492483
9874687
374022948
174346197
54073449
174954207
580986213
94899747
936153543
952274235
97444411
680349
65014409
458346549
87910483
185704473
706068971
63779565
649143699
20488603
558066283
127587421
10193853
639694443
10842339
43540452
581298193
123835859
184129131
668866153
396797187
10062687
411157533
340561371
713141352
7511007
67613838
164316358
452303679
826591071
363892491
59276439
90795631
106988595
17038299
393526699
178975063
463554498
382521249
13003971
163345515
430779683
772565323
191852727
339351315
136076235
142948153
43037978
816450227
428830661
49096317
739315027
413093451
18655695
111076507
419257703
49347975
102229857
68013964
339027328
255700019
55153209
432717678
42987723
13659428
468811944
615275703
165074467
42339846
380764543
6840738
412572214
51861575
67733911
137809883
120013389
8334688
47225637
85340603
64257909
551367519
346369242
558531873
23182953
91498992
239083617
31685867
396236975
467772063
873484428
256091093
8386843
529286499
362173417
386155080
60322265
328542728
448191003
18189279
147612393
199998813
582979143
129106509
638055179
616797735
45510937
339911603
54128671
606049455
70252781
71346453
2160252
279585376
948084595
36503579
452992178
3017571
75954963
508294515
162457624
170663782
305532303
163270247
107301259
528246131
441291591
129952403
297489749
41262243
251106978
251879675
33301040
1044925071
327060303
64996763
331404521
580091493
239877917
49566182
132548853
39845469
21986499
270300302
259596235
699312699
120800475
490483731
95768571
10406871
169545731
290961003
440319603
131337419
52086495
230189523
395542227
163654039
200784443
60206759
6171725
247626453
237594053
771287412
409896795
19726923
517871169
709325173
342891720
466578255
1019012179
116120553
582935703
65604595
27491173
62350629
26483997
668733303
559437855
49599853
18641543
552430583
427863075
263727315
221233587
179925749
85043281
15414402
27986013
282969495
100438809
209552793
26651048
114760467
99790563
147926385
298251537
13345746
88092243
205617074
29036494
685761271
115929763
183284643
27020451
44184985
51670335
68309023
24103911
377793909
665280093
57303753
474399061
134993049
390211941
193259744
82357498
104321355
68769003
23508835
10635771
564642396
193158905
186457794
78468915
7636644
154090191
22259795
274958643
7891019
351843267
58218713
71273183
132315043
67532247
153092475
267752523
175347363
197622867
169673832
170649603
177182307
855221
20712867
259993553
939353803
382237953
697683828
53944498
425540367
349287431
44281323
7937129
3294723
727885785
26977335
980084757
27555003
375216843
10260573
639373311
27472269
835971315
78579407
23638215
715815189
138125091
307533123
25871025
406066843
279476291
275129190
71926563
732189053
768701195
142769442
211446777
297546630
221983917
21340279
166518498
73375131
175846411
172767803
57251
341385235
304035018
146093313
63083320
628357667
286734916
285399488
354775440
379029013
41135763
404744583
209160489
2231991
214461990
271355425
153972885
14716500
70248405
507745109
573870235
250830294
185351123
692009491
209048301
69498306
849999059
141529803
204110723
399440605
994913151
180768387
398982727
270545773
65868703
276887725
406185081
78166035
783652107
103629273
6078523
305491790
551661155
24297626
64786254
149603301
443722281
29033176
341656143
324970913
197625615
65260667
74947818
7783163
630964815
212206828
187557123
586733163
359450363
634511257
642079443
115467835
121866849
742238905
233823243
471613574
887165421
281929125
259873806
33572683
3695
748073763
140912838
32345403
105867827
148222427
69041195
55037783
139433115
668694499
23789053
45649302
1470135
372472347
52812493
631573966
130679463
635778378
825949569
215173155
177843660
353964694
488096001
336427043
8482805
162013339
324115725
61598583
34614385
437986275
363279990
377137764
386618403
454566903
429943787
491655167
366832989
218933751
292367703
134266523
48324935
210454338
39265583
89754963
223597206
54274307
387763379
17019236
3392532
104430833
470781069
301227359
302247162
115174343
751343687
207511510
21575123
312334683
88743464
599296467
107366250
284588099
839973683
290029699
47821728
772775
326715261
301402503
68294731
206800255
177668903
248624259
26518088
436725
5487673
681609463
221913723
6141408
100910784
61055619
90895599
863059
422217739
49453328
65989227
368715451
250096682
90210864
39498003
253012103
380656987
412710434
667317379
915619537
155774881
528574886
166431338
79914135
67924235
57876687
5061213
361245498
328925526
50441994
10761074
80434223
808934787
251749503
128980393
176865699
132250922
297318849
175086672
112016639
274759137
795212931
98091291
622013367
90395891
85122166
569057979
103256317
582888190
102573235
755710574
13055652
19819940
70043607
81878623
299604115
347545893
412735634
705549153
16180587
606974733
161428195
8510407
52180041
96439853
377041611
507984083
290612003
832486779
212786031
57341933
37234473
429645939
3820209
226769007
25390367
624461605
772560967
499209457
98375251
778213149
251850837
537536040
614171317
95971099
109056853
92048961
216896892
525197361
141906053
663348711
504883299
62371675
510507280
807715392
489192672
146843031
24908033
100360093
19044193
111409639
15673975
540456903
195637187
746488098
333039987
170033503
198541339
78562123
94371981
30197127
663428748
1617914
53342961
277085122
357611034
14064911
424820355
574366051
652738933
766235087
370312524
212194011
403433445
343539323
392528451
127826979
199239428
225452523
135268521
607501216
116627939
172202181
136668
115814193
201793008
48208989
112782843
544512
504386390
10905456
77361747
203166391
169112775
11917560
317884383
38771582
343685787
36638787
579680427
84322111
367645138
1017848716
96007975
242392155
404536146
78439869
159717843
3540675
313214819
125885631
98145111
119255964
1215063
131085651
7196023
237402795
52103607
126631715
312726075
398326173
163449495
79884275
158144583
387971769
120799688
403822485
37494424
24217082
198610803
11484363
185137377
285888274
492212854
432005247
39686451
30351424
469672065
640740279
28473543
777808058
108241131
144726195
597369067
22926683
238322423
383399121
91002633
4478925
145324600
666132531
4184508
59706363
407039475
462888618
287171783
287184995
555237723
70840857
141889380
440569923
9416949
215768523
160881743
39005445
105722055
45630247
120620703
456647667
708612163
282402755
676844223
473901915
64428195
692079
250809436
240762027
229450539
615630727
465208005
171009738
203566494
94373278
118216483
27510465
197469357
466075085
36455268
41398610
76494631
412822551
36265083
450216921
3889048
159491100
208748809
276842374
439539402
680563673
405888083
653489
458557473
212734842
8691831
345371101
170659688
798473338
43334743
443350722
735902969
289736941
264541083
338800377
225197045
57388880
534758643
154017183
978481117
161160415
390817475
246020876
401822519
280466739
23087353
710564899
851379393
58690701
731423376
140927148
705538419
70155641
72120303
109786215
32478379
84444699
588539214
109244523
846456198
654829059
553674499
367597510
329705470
103837903
246076019
17394669
219355608
542932203
39509844
877092144
457000184
590120039
207737003
10884603
584994259
177002603
148888393
481481366
938992395
693745970
79011903
18553698
8713938
308619215
220106054
27078483
281470197
469860420
314890631
259128081
472602737
489973460
15050391
420941167
755006003
33750293
105099915
37652607
180440627
332864303
378393018
327716190
247691236
653009635
15557241
36390018
278232483
48538590
370134935
162945720
560237304
142500027
104227563
7656454
294848188
2831273
41648455
434493629
59114663
95978088
261077768
10778583
573919680
237154855
37155385
390724865
127648507
101515683
392833824
58664007
75070973
32505463
100992637
432788636
94182889
674766413
558983529
41532654
476810538
155601323
65859503
75683163
922346803
14627585
849413139
176014749
65535530
105975443
200702260
235367382
78623355
1951083
669736291
70026393
353035444
534392283
983830618
7745923
159133355
536678563
220036953
105341778
695727918
206089887
284853049
153262833
661681227
260868685
120018169
583384323
60597291
411037491
747704459
445305738
574677837
655270060
148072927
247560183
673791303
57024783
126759927
433257783
680272709
910209303
578293123
79649463
620894163
10981935
108420077
98079663
375478257
290102963
462231486
235971331
177931602
226593744
18148527
160543129
689985039
396307998
466830528
206020353
235948035
483265305
95367723
90405138
101644227
16487488
553577143
302489835
487928365
76548963
541854675
577533905
78875007
104782835
278078721
490059843
44849703
486143367
399360052
27841282
264908301
460343523
63867448
514367293
50778673
118670271
21475653
787702205
418660266
56998467
420377103
15979323
422542019
27168207
7142933
244245007
36190395
502556083
41340863
439581519
16936923
180535710
173783235
419917487
90815871
82502452
426561123
188021970
899185897
77352975
276559525
252779043
22796868
121958403
855383151
31444453
142219875
408035763
650757162
12102792
449856253
268787258
224687999
258094378
18583761
38811301
464211023
13821105
223751822
13745589
38014829
51575479
472159813
599162141
120657333
76391427
180226075
73960078
12724211
741543819
130307763
126868734
45731955
805412343
227906887
3785830
478372403
11014059
189342595
517749326
35719123
293777487
345559001
114174444
161808720
2163780
493876329
65011845
110949205
87023019
88774062
50978013
54325001
31192941
222495803
88136218
481310357
236744547
44284155
11513271
92901210
448936803
354923571
195882243
173803351
234298389
1006531572
216745753
147486153
1015858854
92855319
58655341
232994431
165705225
566536707
66000423
339476823
148105003
1116125
437651618
298541241
226358403
15903471
200076583
381867737
145861440
85761753
371548467
794400479
273795215
7944631
43102673
356684591
225955244
125864553
22161044
338579274
51973716
75636270
408527840
245187141
434073753
137799775
437728879
7706249
218938833
177098467
187498803
100628718
323404710
169332078
883941635
507108423
323013189
3172298
259554422
228468912
90943635
97096387
3996839
162119543
218066859
105957275
65134776
374041128
463214568
497571015
554507863
1262042
373019354
232473465
10658838
751182609
228133715
73195962
445788931
453458268
234678265
220398273
85428003
138928463
264109782
14076003
28602006
303636867
571083003
194813523
89949824
304096834
24033247
6856083
284530457
6144681
101072733
88473353
606276484
490011063
12559628
230532123
126033867
557426019
797149031
169570228
1615821
97552018
113266387
529131201
316839956
316055423
18741598
26306634
91398763
370085921
63071063
724935263
77080728
177642579
297390043
220372610
191473194
652757622
171559553
556215663
166677581
26702877
270816483
62029069
465915917
105801883
896251557
337443423
161084703
42139467
102289263
287232523
341632047
187949997
94183073
412588139
338963145
24496593
31630390
697687649
167634756
613095155
15591097
32451609
486720503
191485353
383807107
414331011
383593457
350170725
73589427
113642553
181020675
694529
303780513
63272469
248923662
234335761
97247638
952723278
417368403
833257467
71746923
44888195
100089369
287985306
581798583
84248958
40838398
14318713
606806979
526650843
148163401
191326279
674134971
52045124
756409167
174479293
540312391
542420145
70650129
93912693
28949229
414140403
275651224
63937635
297402537
294798507
50503197
710569103
286461783
168550275
354764047
66275478
311926793
164049903
298662042
720158356
68034900
11441373
129054343
684802523
406647803
437017218
22809075
27799892
47228322
221577057
96607803
115009203
60902672
761961203
343588811
254786546
28729169
261549183
95226593
354465891
290253115
130638381
580087427
25316658
579156163
225438969
791740170
533805640
29813891
368290455
43605435
272325133
131814282
151882275
159590715
40187678
46088607
49864783
2092863
270138725
211506084
438157035
155131377
431583542
51823013
3052195
344535027
77708829
210419781
919274929
24100163
453064313
137810253
23899035
390490207
410884078
82652359
160449929
79993859
127513257
16354425
15151579
176824803
549307406
902822880
230429853
210961123
376132363
661064394
166534712
142604003
234777905
98675078
417408276
32415747
106054923
167261699
198698613
172905369
37939279
335614931
14804056
340165437
86263257
350817087
6460401
579096571
416759943
74845635
136105838
715546620
904565231
184423935
272856873
325902367
318471638
746641868
135484599
112952919
57553095
386122895
68152619
184042323
306811827
238930002
169576979
68512930
235105566
11906047
630649875
16395668
315217295
328221897
299633281
860353068
261675270
693593527
179137343
449831257
406383507
111232403
124963698
32923431
362337603
2245867
381980266
84078830
65809075
74399048
163655583
443238895
264662631
198460391
271353219
414605995
65625483
514415646
2166033
306253467
103735089
101635948
92000335
63929055
309833497
93093619
292160223
217004448
1070331
153915953
741101903
23753532
51813398
112888067
43220925
77411939
432850225
333959445
124136638
760165212
833908559
373495593
26489328
261657610
617996851
282732531
689238003
179141117
13512243
112866675
451378236
862004965
106413478
205295437
164173671
17537313
231836796
710980592
165547399
363367833
43483641
293916747
293344677
14479651
75345193
144950906
474929607
3458575
556176624
55212078
52264353
101204763
4006863
355609188
30696387
269875063
691730520
333372315
981044717
277130703
472450947
303883662
158074043
323260067
691298001
161079123
276582699
148609627
346342080
628133747
534754109
206848234
879153135
2235896
336215427
570721978
179787345
22787045
485476821
16916391
338795109
308748303
372992553
392498253
383376147
656002707
455153583
514598188
123693703
197339106
633253030
19162296
912800193
195026211
379050573
743445433
87254627
676252789
232745709
16778323
107094971
807086442
273506504
84059211
926756886
118791627
188810951
202428801
140214051
88533197
34566379
801667695
130857763
75182721
112584607
18151641
1022239947
209350401
28617318
50778899
186417249
657659753
232775059
46171283
179998467
136772538
140459994
557790203
236628043
110695768
133999107
555728036
17711319
421566051
211616601
168196515
286547817
101719215
60801303
86007253
2229178
80647525
296141381
347190366
129536706
291822324
355145983
99550881
858054208
865153033
19795283
213495419
444609843
15758772
412190943
4625925
325955289
572018668
4962246
236558871
502832643
422297675
227605731
727625083
93749939
534863043
416578550
420355
112886733
87067223
3711243
9515019
232401315
4132495
113800044
832556563
49871252
462744659
418692735
58481924
100094179
118024163
11149393
596171475
15170078
363136515
74822391
846542043
21168997
79807413
318903607
492646638
245218789
81521067
921009156
1714737
136857108
66573
610047259
418274475
5582683
1746693
363131363
113508593
3652623
155425115
50077635
139587660
34944312
280347707
796308195
203163887
158008659
91409801
87739603
848313270
143389480
496131
702206977
625905734
88281602
154802883
104190608
383712987
710763528
308766538
766018677
2250993
385672839
69782091
125673795
70638103
198770478
245995633
357332883
162583879
182770643
246890031
477811366
8460183
189912927
411647811
42463403
41099761
77448999
71229890
306098172
49751838
420929993
230163523
228739855
232973642
6840738
633799878
34730243
117196698
326895519
146426228
964749878
150113998
282720573
75946644
315779359
657866541
81307515
12487730
554564365
6386507
409088302
219847092
541654655
456989283
484287963
46519826
58922575
584421385
157643307
13364314
102730443
348874563
833352710
3460317
57317862
13348023
91507491
378932753
231033773
218262615
77469345
328992123
170041203
339204052
893258803
287838971
92246283
43412493
76865507
60183231
232114317
706962963
267471948
49822347
31225539
161979297
519877173
47446039
572450119
790489528
557488198
124658997
122016891
38203507
21374083
55186875
65412371
218585559
33690886
309168807
94963973
173414604
121308627
426234955
190895918
69208557
28156757
343824771
564333339
544216689
342433653
310538803
8553737
149431311
96032123
168346365
931608213
78130371
432277023
210886735
7264057
391925172
267619171
16868368
599347203
833837025
4131674
15259521
109821483
399054603
271353915
66731019
327724983
387903021
81814683
587346789
349104711
75682935
19589988
576586275
956206968
48417323
746729678
89464815
372486867
286897427
49234618
837955309
338578932
364980783
491048715
241943758
219029057
54654464
733109827
5838019
430139643
193728293
478310847
399670295
50031678
6749943
381798749
526490589
135029403
58436805
293458935
214538023
608326456
201576973
396575003
15376441
532117251
67281763
927363637
23100093
167386521
481996823
563581538
240155435
58126791
55557306
437130759
248951073
288583551
41547
127303709
16609683
89342031
11963163
486979453
493598661
1277737
221116493
3345495
705771763
335429616
302174103
277018003
22293141
182736831
381254003
306693390
83398847
496746407
271755968
507934707
318274771
316808139
22657431
82139511
523512228
182110803
523770355
272914123
136330152
175027570
544988
579749857
391818819
392781223
542553004
3452531
725626359
22628256
29781096
422799555
660463469
688241161
392264643
34384573
411545319
28075437
187086963
218478753
199680765
26876181
453012885
236437813
179398307
638296013
34589163
409990059
47459002
402957327
727409348
97667067
546090766
173903925
529939303
2662804
410761875
194270550
144047817
158028503
15408123
86578433
582040308
331356145
118234687
33872071
392396238
60456575
88531845
92382216
354899394
583473913
229743613
12046457
59094563
314431574
112301283
1004552855
484029099
38212331
107098441
64568643
354687143
340233843
22207188
12841267
232398092
36559331
127341763
57617713
155242924
869892411
118267647
117720645
228483067
234405307
706935033
144599623
693779804
86485203
5091651
82774229
537811368
118753323
440320037
56485419
86942653
144759933
629702559
23469059
631969502
69490214
409510911
141143327
721068683
233362156
1079557
312268443
283111058
2802243
113772263
123430083
233697475
140973123
609163203
134890179
294576904
169183908
527177466
593353566
75646147
111984456
607175325
290616699
8095278
403973443
44180279
51676395
9929853
443282699
52225059
411615045
402809129
460767628
42916486
9130534
128264425
593368207
49724931
287360267
457581795
128597149
523492882
347752947
530607381
788774685
26356011
512168499
26811831
58123891
723641223
472538328
461470047
500463879
66828623
83796061
104291365
223415067
515637430
5869905
119142363
59681443
551474247
500678631
4200208
470367831
807667983
35426757
201085671
434380586
22047472
109675503
603410948
546116907
681501733
491611197
33159267
272665803
433109348
4174474
157240254
109246063
86391840
33468793
356729163
208496803
310345779
431994617
177064103
737954379
32914291
124111455
282147343
4612793
621176901
254428623
25015555
338620382
523474903
586691372
96713807
134532171
58536715
8613069
402308347
115730547
276557483
816077685
61445165
267831603
6258694
232300643
269285333
168666501
79934265
140626047
182971257
434334227
268805595
15407458
11256758
311150663
381725538
22425196
59663068
187371723
135570771
2440819
106187851
319876138
88918758
47545153
59442654
365570127
189531957
210681407
24221265
93425478
353005301
158636964
20345431
501751239
1001101789
62521343
85390329
334828433
46766507
183807711
375179025
46026323
664375435
200411154
209104503
223667688
898392628
264649575
372136262
53278683
86880909
52554843
26956511
153798771
228980403
448792731
580426563
309238989
373501709
112779460
458118349
156104934
889041673
16777261
105830035
787707903
165774227
187315047
704671735
170019468
279895893
97945263
43216610
144342003
293995299
866750563
283567565
411471843
6348239
95968553
483474930
389878267
617276949
85145583
16968143
489476001
98867211
89641903
529002660
17875469
404842085
317828802
310050899
497490770
55072028
171911820
179409083
490143371
43877193
42649419
41463377
91944259
247869955
355787
249626011
653332570
170605171
12496221
204706644
143591619
5858366
111006261
91259150
230606063
294586151
155480139
158030803
57736683
895413613
641832701
415785303
238115727
168709709
57286848
339595083
576907923
209045448
55291443
353601779
585653378
90671913
6928389
2747397
67356183
82359917
442188930
98372355
245354977
346349523
25981603
630962899
210673193
298021983
411049480
202312843
26666659
198709215
101404818
51462282
270066325
582363
205405413
43307931
112167075
679557303
40548148
542987399
73874793
689986523
61527183
42954396
430662458
19023744
207099178
771897298
7086623
455206398
13234559
53193
192774018
247690923
694070965
395045275
271433199
1025134695
124993781
149211150
22379833
871286683
359939055
10379397
188058279
103640843
230954493
634369697
28104275
8533183
471527912
613325374
889407627
449270668
491670179
79542711
78089233
49256483
4276653
291545983
427933445
613302807
50748903
662517180
530865037
357068099
411329379
397948323
109147251
329373229
64072335
259236617
475757958
218414488
201379364
14853912
98806671
336338043
73692963
137323091
326144153
271181565
46224147
117940701
113052839
52148999
279052075
11309259
61041123
16394163
11487203
112849155
98431635
662822112
26922479
45169071
418376289
610106628
168282403
26693467
778375203
253796763
88336111
351643065
96159313
361795683
854715
546677859
497949987
96790115
671166723
199345871
82039215
342408863
60060269
85788885
21388095
331329331
105499317
403464573
451433613
69097323
497246690
226303538
8993367
67376453
477022391
26378487
17193467
17804001
418921191
936866505
30261755
543797635
295985988
285218761
164917248
753609733
107408027
672261817
485899125
576989115
29430469
339291018
20602979
632249859
105196849
459418704
92160624
13177353
148290902
7109797
481780419
78607587
657497900
69972444
242269751
71527515
602335911
73512741
34986913
324487034
544267413
172205047
627840337
54222659
460432523
864887831
224727228
8717959
98867651
865738727
570062237
198396915
156703301
284963715
80045903
700771
75342403
640456798
288921339
64780203
6629043
424807183
265980623
213853552
58920741
43986867
207427071
174048423
624029135
458368683
15815071
79550427
106640367
179603613
318109143
262489744
23619287
68867760
106880507
460969743
405820791
187027038
27026433
66093894
124671003
598901036
102441923
7139943
305082283
100682915
179825969
774315415
31091349
100928055
16389803
354166482
7524351
922533937
628239023
393511055
175198949
383205474
184090728
178885623
93208407
423955563
230758128
39316739
125660671
362902868
186740159
574934325
120287919
268640803
4754669
4262482
443937479
506338983
466752783
416180971
254949078
68664545
167305739
47585094
117363645
59025897
482189403
145592820
846638895
72362307
115483448
546802001
217736753
608793348
21275791
647045283
16253253
86422671
497010902
169448171
102417963
329715507
197547503
35969558
116863878
35097251
32582273
42483895
14418003
516284499
103727563
600350760
973161723
116267113
1429131
128450111
62628183
529654438
597994791
424172147
41585083
365319545
827811273
194118666
14993503
58546953
9347803
313805907
422264329
71539428
142879886
257052337
32894746
6678075
3161984
48215703
298776063
75224349
705293305
718670243
5614032
683687241
29574775
102978356
286725551
374039751
120723861
36281491
621603460
436741023
129789723
331598567
348999137
10300468
47171535
176518179
44157474
31785283
228896187
784477755
92398919
145429417
220794115
33612835
636068338
48868079
2079970
77919533
18777828
225301563
55668496
73962775
599516003
682776903
154890947
119582971
170183811
82512025
35860203
636498123
522794823
387408612
2933572
82443711
63867478
334397443
186677458
74565576
824826013
433238333
94783627
126316116
77723999
11428483
67189425
150360321
196225047
248955931
44956668
842439183
781916823
369253503
431068085
422560580
564441838
391515567
172914690
125608673
242364207
412744881
407300259
51115314
233961843
75168678
698343733
255591248
514844315
10630051
470682403
231305985
868785105
73640991
572686095
486551393
588064555
34872815
305133654
778379847
308190149
315139167
547927656
442456239
3446523
4464168
259871465
123655179
166963215
60094334
129798048
342355194
320601801
252034953
518802507
597450003
197855023
261493104
548102698
307620453
227540355
325390211
5901383
238578483
284980683
15991363
718892411
201388974
293842875
238331457
623767197
666473813
5658123
86287269
181307148
341547043
18763139
96627578
225273123
13397261
287840323
255652403
260276034
72316065
9240255
431048803
566111955
72884217
222375949
224965051
240591580
860806223
515221885
514395391
122163625
122417943
243363972
61288587
353208113
622202923
760098444
91575291
124003613
582556115
458900406
94489083
433196195
434180799
134600835
656822554
357615228
567243
87543
137374108
103617878
923355843
1670987
10431032
529032507
959876963
288924098
47575754
143186034
384320991
113795645
320513107
125281633
60936039
63366485
87373379
11791329
117316419
785738847
411377814
506898867
105863571
175199844
446251627
579854448
71360667
112187508
131993199
105351507
135676133
864861195
16098969
396382278
912830083
975771031
880191183
40484783
124674039
131365653
36089479
94312263
413133663
233094403
269645195
153447507
321247653
70342033
553274175
674001283
48857275
28296703
255400479
49467163
194438811
237317742
48144819
284280883
107297433
9721218
219788143
147134653
81567965
45401383
174532979
324299279
413649043
216357859
713600427
197892309
188324439
105486515
187011253
109472597
382272738
516581142
711280363
210274851
246837039
616993405
397828643
379672923
335560179
493705841
218248825
864804020
258550808
133866078
7873011
127800432
16263843
252195343
26599674
696670563
781594539
35256144
298509153
175274957
198362307
52499459
574304337
857671593
143840739
120032553
454094357
607665213
75329018
174139183
327000783
19223251
570530883
988062475
738311508
116442135
6771768
77190050
466925671
493435104
65002449
161659578
53518923
283630735
37159141
483497292
108551803
585981160
135124392
273688953
115434499
380017641
12874458
96414714
245521443
146034320
31074503
38689131
347655999
201721717
278407695
193574403
277788915
722768475
279358167
508557558
283782933
132791503
700545963
175368924
394209621
205696659
196324050
10470243
135291137
165490356
374094129
100442736
273254493
159204991
27653983
319095274
646389249
52986605
144881589
671228915
63576967
9998411
53090733
78782025
357855503
361258206
20262843
350990958
898485315
248117598
238524744
22405282
187226577
32296051
132922673
184869853
413973061
270973937
162211768
233423606
46012755
97194195
32515283
275448963
369103419
233939181
9431000
597876128
79454586
834275561
695999220
13804845
175141038
145118403
18709693
525227572
130641753
33481035
189445381
400427172
260371627
228123553
15869313
17246415
394546300
312153473
206328791
223204743
381955811
290088659
10488999
72953303
43251833
3752493
14039453
168741443
95425298
1655265
562605478
26956218
58987731
292321788
22433463
464488398
75097707
687484731
26944878
205128672
62793868
108965927
57397398
689183183
212273903
275179518
814346567
288644403
44446583
102604891
433237908
84412347
533057745
521667692
641704483
2134623
810199043
272958297
564658851
178314519
25778717
324040628
448368303
578863431
253340980
426332613
138669876
853357323
5281544
27311517
198394455
354123804
456545144
800173545
165002493
250478373
175040418
393603205
411195581
666762600
24214878
175728153
401623505
646990464
304075923
195779418
341058287
77676061
660543
291594536
98397239
5169684
254547569
39691473
576508715
306036384
539636613
95978327
57920046
161385171
345575714
353602155
443176003
214072203
430764667
302555172
154272453
210028392
169717746
297487281
178887716
111531683
761272212
187891841
78848643
265587743
502084659
274605807
367423500
261489447
24093683
847380745
271298853
258281030
812621111
138952652
183896109
33154436
200199597
269000735
86274863
344774433
531720153
104519514
269142893
229545605
415077171
2316447
406617223
197378523
1942579
260143495
69991561
708541563
232853175
377360486
725273825
23302545
46320123
14385923
63378003
187856553
31190540
30049657
20540107
46715295
39905538
173021349
852366893
359883667
77659497
8414176
650685243
898742029
325885305
109332651
20874245
841531951
955689283
45925883
213311829
106400759
792141419
735088305
93231779
303688503
39614799
17777273
84920488
449181048
59631211
252168791
204519583
694360943
9959745
289631577
33401568
276767900
328411213
176692512
677832899
41897885
22898493
36395299
14332533
639186628
509511409
266631266
486326019
312869539
608114465
191967457
873685198
47297923
461305645
30830478
521334609
42996553
619210839
134284215
6889533
170356383
375657321
239026852
466361107
54842078
358648887
118856460
833088187
284110160
6046361
668998084
35516628
67787683
148309877
599945349
68017719
325297875
35790846
30909612
82875740
316845703
56922523
188083299
367896435
195401531
651668583
359936787
141119213
350990583
657408234
538715147
762291527
406511070
120836697
319121435
532754003
138757539
62490796
420424269
699111667
12268019
302454225
292984
179022503
6506160
453915399
114918014
122199555
80612381
380921423
155910241
727637454
238389621
486897207
600920070
10057484
945814575
754528187
400161863
8035823
163954632
20851743
532726459
350503689
280218718
84014304
16991990
765237015
631792373
227791581
33852657
252911223
475764867
426323645
111765115
25033467
933505198
36308707
374863557
510039328
73269217
36046803
739010763
5821776
172134723
125444919
64826485
240679575
326387067
354901176
62890523
139749303
832051678
80345373
324831
208068387
42827007
280645533
242844899
222992458
7357728
201418926
40894583
908392497
67745139
5093788
131601484
365485137
490724783
840105759
773520088
218231637
779147733
44460647
345219971
353086419
259568103
87531363
353946487
14828687
8451543
14871228
12949923
309095339
92293347
461938683
162721328
57256955
301938171
34668559
442540621
201478761
29434017
88073730
47319843
372388617
326446836
13376613
555474771
28600123
330341216
500509953
190378793
39871461
170532936
652061307
129041993
331535001
108971478
31363623
101043417
392905551
781761513
5891037
445136253
615108493
103976683
336234979
211162773
165074403
7385628
5935783
137368699
537361663
52037303
370837191
161875703
225629378
194511762
65091
68402397
9290994
251515305
239117511
287056479
513114451
337276380
146217267
191494820
224158903
534909235
80455925
517201319
15215763
378895530
598212168
267442034
513088059
735573546
65058917
350119533
348078055
1192743
428714193
609717643
7222463
461523219
152773362
591493413
672148287
20775983
147897487
379360218
221381192
3027125
494996961
203857683
953166707
79725336
76820715
10275981
322710003
82328652
641127
383496960
206478653
597395609
106915315
36269032
318933071
134872895
193688212
327243747
248031399
279119467
245386314
290336013
479099938
97026828
74445495
4033872
33965695
484126228
350536275
149644600
405003963
477601533
539488367
78946498
585163659
145789131
246905597
29156391
380042839
56884002
13928637
458560299
278119383
181021256
366540378
115464989
278147523
181705156
38748195
967800613
72963213
66614831
730903134
8377815
218846715
930761157
6981763
5668923
358426127
113387184
281278044
149056428
750055143
762300637
1017063993
681443571
211360803
951891
335762183
74458331
1004206038
26248247
90950211
275994203
121515663
318190818
605475053
13969599
738774753
741191
645097379
426282024
305694807
920411443
469577375
208910589
1030611585
5976435
453066343
123709161
438422041
25521163
547062006
37252737
49120848
343972461
117279157
2575603
289759959
8190467
557048749
5605003
78159643
203349651
192308859
623952903
11386383
212427204
406088651
451073080
426731733
246067673
21860300
451311627
43979899
506054523
369914422
962990496
117025564
256097279
589704503
122478990
185028819
102469315
345694255
381161075
385158938
733956763
87450083
504017507
831438471
419722635
817001140
38790867
123902671
67116421
45419427
185586794
406837809
174219233
192092967
46094882
393848481
251168739
528340445
199663893
136197519
607844241
86209123
181674447
26403281
36129467
157524357
7780617
513384355
273678807
2329348
212174247
290101101
372985218
687135589
79313403
666859427
215078869
2794095
721486211
296487403
128657725
377648707
288623184
801143
536306547
26092699
83263003
68721
1036484193
211855383
99185019
31677051
34091699
19865815
97199259
402062422
193903843
182252967
112915283
475277523
40102164
54212088
389925863
8163381
101599187
329381901
39110963
22200431
94566570
51910383
123556656
161736499
260862213
537899271
817101487
90123449
461643559
559225293
104443155
211680633
173148314
200901132
278249403
406647958
159734755
470283819
366111991
135300591
43904433
15030603
287157103
46631307
278636838
243298051
71186113
714996531
81679429
607878009
70691820
81219951
99591121
506830621
181587811
399028318
202916424
199920618
88989342
57525147
62441507
231584502
35888739
67987461
80848533
86146726
761034537
373861701
94454691
397504803
1948543
85746093
12462115
458625423
16089986
133317859
303253311
133174023
99976142
203481399
1288503
8406345
492615013
172357473
213288755
39609608
1616402
313359657
97538889
151467393
328057271
82434243
375289717
356187
817859
185278863
470690859
559833123
48695111
101701675
41273651
455294533
425375607
312249255
156561499
15538237
88890881
36255803
522549492
629607753
33904553
28630398
255258314
309334809
616838493
274873283
691185135
215863788
21077856
115968240
208906968
20549483
486309218
125501220
22264551
99148503
798759419
59813229
750968931
151472025
17900483
74852223
130429753
82572512
40927934
12044503
388465472
397035840
296184619
533157485
374431632
59379052
727649788
58442163
98473543
203752013
384200505
15707338
55387722
150492504
253439273
743270883
277965354
690713994
26730621
83035957
583039299
69189226
37401796
26358469
262487761
198975606
178626223
15078
179316731
56814069
572102721
40738711
75242547
526114867
66744115
120819195
142946953
7532691
368377805
396837471
389724499
82003611
384324269
361013481
150042555
589888659
51504743
748374961
121710869
434237928
673838385
43066103
186323203
178760564
40259971
255778035
324021818
175477795
164598951
527785917
120854139
257028677
160776393
247382019
12726458
6000303
367731462
81596413
2544003
34353777
66167379
3936163
111186100
50851155
117982723
58331163
365443453
13430403
51052183
101216499
478753928
8017873
195580293
434824435
308669025
33368463
21435417
298103801
219849295
135547927
701355843
7495634
46266963
228106662
284741549
10688389
564885963
246063243
86844423
1985961
10790315
5440299
869668935
77017955
385477898
68296067
220806583
622632054
683280255
321867255
1917943
22503025
273486203
414415251
122267551
45461738
28652313
89486183
245648347
312762075
13470123
186037437
132995719
355849800
88170161
385532499
282294448
98206359
20858591
169817805
60951475
439452903
323520628
155279283
44220611
273681415
586978378
322796718
36941432
49292231
359611475
560127708
659903583
751299
742599219
112642497
233936027
499721307
110679663
281106251
379872803
471067925
377291433
502337007
368525244
192333886
1014093027
13455123
503577714
293877561
289598123
223177016
114970637
31566147
487907311
607696092
15856821
120940878
119568199
121858691
289097413
278843336
100480671
60130986
14454878
151784053
219682886
231811487
228645243
114353128
24552166
461086251
637356345
435939408
39100215
60368025
202863378
19969986
814786903
373911947
481742118
347690385
407420655
240147339
126014506
134672475
95315535
173056231
170957130
292998139
109203447
532646723
85276663
422771212
169760423
152999977
119669223
357841386
895079158
55213448
181907103
167556945
383090923
48541924
538308003
456638367
35962426
133402539
306165141
324920646
503921214
532153163
958573689
39817803
778273275
514493614
256359779
22896528
346053513
221005970
213254913
195066003
116619159
181187451
391271628
157759865
136472326
515344364
555314726
173770215
166610973
157455045
134657667
32011923
351533440
50733543
132940728
80829110
47262603
403127769
86979493
787498383
321877916
721752307
836471133
93155717
183189951
162044683
96683677
137374163
192345840
62722571
6452212
957234762
466906227
241478874
45240453
722106781
195349773
699663891
3677948
322112603
26031253
87818829
285791617
814135112
71409726
320237403
117018723
247566563
451929971
627740739
140002833
534391838
1210291
173902347
36149122
352513539
132423261
221323653
534469559
103850937
514160635
122072807
809443
238781553
199975695
162339193
469840179
5996798
143641400
10295925
259987251
156122550
340635171
87122118
103595703
72623631
332541836
104933509
352790179
435436047
335098707
119538628
406721773
23534587
148277387
226597920
868837453
237141951
171672737
552149051
255775710
598250919
36623171
206616387
78800813
122555191
340187460
83660643
60809235
30690282
36571925
291339467
423874738
811197669
235075203
275441111
51500925
13013656
35042395
1309331
491475429
23973153
902903399
531696683
28908927
261048474
373553649
4827393
622972035
82206075
44537635
494744649
21683418
43782443
184214037
510979619
678630455
252327756
210478653
125812921
229927077
194277625
697711497
100968723
524868273
26097988
220148991
96567320
749753403
30500003
302128617
74196987
314774022
416112843
220631475
56794125
586066848
3529536
562035471
104701635
96412583
123632987
97906406
25128799
399787
461231085
34263828
1251407
232656789
215697808
180991166
175756246
52795714
88112543
607502919
234275419
16208229
13377648
46869454
293074995
535271238
543435764
123323553
191970611
77009754
129460395
905122364
26405228
223115170
644031365
60732691
287800655
434712117
108203775
22604664
335238663
196818548
37999503
28212213
60823303
16433643
466259603
436153315
149797029
446439935
425235911
1270923
559874883
180382821
365628747
331066161
69741721
17231151
32766493
302301483
776476785
320542809
179660744
225967403
63269153
153476631
43323270
138878694
680535495
204904524
600330656
579554273
277726508
18075075
60784951
2194143
465782107
181075711
548455929
612686362
297609315
4108614
639267555
535248222
135408474
310989
6556316
147321685
66571954
36538578
509159133
647436252
618506927
345866398
276892671
348272928
609618
394469451
648316830
255430392
35686114
15294888
468869383
834318983
6076220
32786139
19634203
66340103
489250871
596248873
207236082
511741815
68871125
167602603
7370894
255037851
255316883
363566967
55802069
449792982
24342214
41790051
466282281
878560819
41207505
238747613
170036818
624278595
119148547
695447031
502634723
317257398
366776778
305327403
33007873
22155223
611987651
843743005
208427759
364468688
92220525
97322031
151605195
165271668
6961394
533372094
184016553
405240923
495083399
648871286
450451
133494003
232463091
219500851
290670699
37565363
91178499
323478972
531051307
734621753
593562090
18026448
32643435
720621570
95489769
117552867
283261072
107770260
314860185
809167603
10380486
338543109
6415563
132496347
930955021
275436099
494133263
113410080
198581075
581910906
99385563
492618528
30685499
106816851
7030355
776813007
48658083
59781375
413013995
192126453
544907811
93396423
23517007
320573187
48501595
110896786
266307895
133229811
63192391
37423983
142446491
350229795
177767523
641094787
6115203
641362528
57776475
822735267
51480323
1514429
40223703
870411027
3932058
269849437
280153107
70091971
96910533
526167267
162451133
16145199
529420755
791114475
262230681
179180223
63894649
56922473
180388113
294704118
48175551
19268076
74661031
197152883
51694443
52684334
323914293
47146231
86944707
537485303
322874303
324986473
407825991
40412810
747960843
212677779
168202939
2639073
385226943
794080603
656259803
315780171
203155440
746662659
173808111
24159771
53503843
47888067
65561127
321783693
2406027
272636673
171525813
499038882
86110800
103630183
645687507
61839891
6066571
281468148
623429733
223077378
421341043
97380147
121476702
189781803
28115638
259409208
96667443
221125545
279236334
40175345
785449173
376987753
180490413
173906589
176056922
413227
194697779
35701983
200786743
331615875
38821269
702656724
6732057
300693753
406774380
25976217
123322035
148261516
422596023
497153331
1857997
97756739
194799903
619959811
521624223
74155311
316068729
84116343
351010013
151865475
83247813
55592024
870476851
691823843
324216014
634124585
307014711
571465524
160301224
47547123
64006403
527104303
521375925
30444929
160992159
38284547
70627699
449945675
387956841
700649139
28876131
567798895
280677279
407195967
120031185
644919678
35573475
293089207
477350913
673220144
562686915
667322890
507039903
740879583
2406403
89269203
41000358
3122943
173134223
701516451
329483163
649639015
45260163
1021204631
276029607
746781591
89287425
133261201
217650755
251238935
398421339
405659803
18134823
45709149
50403653
156549866
788561403
182160135
397108327
300937835
3722467
169505835
187122673
23217515
20847648
792730560
253818076
433128812
926158851
630935328
628533543
145485453
194238198
589249971
11908363
688558783
139430553
892328867
8074069
39859748
78747223
7981095
842055978
1128159
1634553
71385904
45196553
133608083
11108373
352118700
360028458
176700943
880831339
45550497
372993715
9367551
355804479
32234354
459134201
34836575
225203133
294718338
119582029
25487169
199880307
171237703
50204235
451320378
3451651
10546653
73480348
118232643
203197253
199190379
12434733
117706615
135162503
259790183
166926851
102080659
165336083
56625807
20391453
76100027
798019103
258702711
345945429
154585455
136907907
474562515
56349819
835250322
116638099
53761788
934671553
535415331
166035903
184901493
607860068
213565317
445564403
321844309
370585279
11659998
135974559
350431203
43999182
119429859
762653997
128279491
283469853
149473416
275166937
17114251
91428483
126922260
528996255
75160604
739006143
59358559
66182743
31554723
293360481
143009100
77136330
415058493
432920712
745082292
315245723
283577583
98439521
80360363
737288863
133129563
15854798
425935581
11457918
93262242
866375031
417347
22317314
738297489
161806367
320553642
229334332
317633737
158399853
358412419
53822915
831675303
286094448
156843228
374143503
299749275
73139221
287587178
53628899
362983303
99911980
394896373
408760035
54240166
115554603
222678541
321726573
439927557
604667643
242719313
655317125
672738988
232061457
119840003
310284087
216893460
56413031
725679030
405008592
43616697
511435078
146961903
539293179
5812515
380961219
131532297
67709865
36855276
525005418
306612207
53950347
3561283
364160413
296483681
272410491
469703451
1531155
199699684
211351028
218271374
512665959
754020147
67300374
17890161
999469641
396991521
123754355
311719785
161116770
104368923
400654548
340028659
129561393
411234203
327040003
79606479
125392819
93704223
240856273
205320139
614148867
197109857
113567875
26430689
5221685
120641251
31689392
310331691
105423327
139368518
366756767
291465443
28082563
387569667
510024147
948389958
112295003
222639347
691461323
51173001
590577551
41141443
182391107
192454189
244475715
129743608
836525569
526859523
68920467
103549223
356681262
597593001
851621353
37250723
6809655
368650860
884502843
101573490
772366305
663118851
493822878
258819297
628251703
415047
31536088
2220023
2198678
918605502
64580931
341691117
40187779
421884363
4551648
622638763
450837195
922636139
899720049
490942975
85264949
284766807
247345827
94096029
244087561
106516991
72141419
18188469
200628834
446566503
93674558
123976023
37595106
147009452
390500558
25749867
151043343
16090901
3044853
180607731
750915
246957123
167116608
239087919
371398827
90815504
14079471
74683491
375915693
379812423
128614786
839293071
624267255
60894342
376707411
715618653
850014469
526288523
888265367
42476250
1734375
30625163
101709147
328272691
243459003
106270328
30329926
148789553
122068304
399764811
130490879
52922859
209359923
11040274
138849033
399017467
225934868
386516193
43414875
391037433
1512387
128749603
702326115
104567458
4456140
639347691
595880790
58717578
17361803
399653823
122026683
916284483
199326156
34812195
570736533
148987341
567719083
642339723
45572923
6930423
308524593
60148221
159426120
4978488
274393828
179595523
9258727
718906191
230194583
150311283
112016853
7289688
142520148
192568629
279231843
519901851
134572631
135017507
160728437
264409882
5022614
225592323
124748316
158627581
202000531
48249573
209470377
11587695
71792623
806218276
18960392
260757631
463014741
259398243
311586901
702825027
455893899
152957181
88989273
917507885
44137692
67071267
667411779
191828069
940770587
193737683
119370603
627249553
17648141
102649489
22668985
65312446
358503533
434031183
516367085
127469120
89113233
127880853
216150525
18755629
279714399
135909803
350781753
229680376
157015478
460062571
19024005
105971059
44877513
248774181
129365436
70420995
181995489
634029172
76271863
310317969
106526049
53253363
212696974
25938483
273281745
13102897
17449014
179999063
127947283
244426107
423314147
48956979
42249603
24070003
18923301
133621128
255625889
443246859
705626905
105501738
878217260
424126575
111623008
284283453
746106723
144271650
681126328
29243123
308480373
255917143
95994735
235623873
41701411
29403489
196498203
406207892
68683278
252949091
335817493
126098535
50259963
148383843
335739411
384220063
239945713
273314547
121767330
106073068
253193633
101085340
330874709
132904089
549331968
161288229
8571878
643374863
182380053
188622045
42126759
86658239
488265471
261125513
205667491
86181893
392121278
537136824
314050563
929221779
165902265
161081651
307032123
363830835
470258649
468454269
176873304
27757853
260657127
819843
65450055
380764303
105940169
16383627
176402691
70652147
95494269
996835017
471684378
120359683
180164948
70701373
8486514
232375371
137633363
102793617
52225803
79937067
720870681
698946235
597835059
510195678
480206625
114646458
77741241
68607747
692281239
569259545
146318403
162080313
24736533
189289512
52845637
651269830
235513061
94000989
734374091
239031873
46260287
21753540
56101083
401184150
152190004
205968885
86211779
11340674
10755503
401644400
89770797
92176719
72650703
209081430
89769963
455502915
551480637
535140195
147524842
20883853
3107396
189559947
9650655
58507219
4630625
45184255
387109218
124772783
16307133
87825678
523542715
562513496
162241800
107698737
717717553
20504319
163601103
203966607
705660771
531553473
40633314
49148211
12768648
166494093
363983506
672311469
24462753
294930759
118006023
182342208
610179699
611459128
543137475
26657308
67908378
216915947
139240961
252648724
266782708
321072625
588200658
327466110
616117973
62331427
326069835
613053273
13846215
272505073
985203
202909200
41166011
161432883
1793619
17385323
189586933
889124457
322940799
397752995
367077667
125522257
307375568
212280803
462685291
712800637
2156480
59193203
49146053
838211163
273919763
339391623
15111099
470964660
602179087
222785967
451579763
213868333
322480753
157577295
168258948
408397467
328601919
45697377
10959759
699067503
654411255
273845485
7724866
747012957
491060715
339750637
877921153
777796003
2693778
415681259
71132379
183651895
257111013
313273260
484284691
786815079
844455379
474008214
40965438
98706143
112380180
83266472
408340593
324637783
18374203
357895957
312008212
473197296
143937027
136609201
256014909
344139370
128289987
535678996
454878317
399787611
46932141
314298579
74766643
7637919
111249300
117407385
50462881
74185837
35687809
233182779
13031643
194746467
155718363
127010317
37424243
1185411
268852773
41419185
543074601
88827163
377645635
32671411
538018617
321485014
604676351
1461507
131813589
155951414
17420403
342313917
391462671
241455917
365743084
303497509
113342749
74914365
77195667
245827613
456410055
127174955
16245885
31611495
61075284
95968011
724125531
88403967
136070229
114076449
365674859
198877873
46865157
454870061
167172375
357319194
30322603
48250558
698490785
42986703
79614063
282478971
52685987
471425177
186191598
794683
13625859
420101352
60421539
122748675
583288233
197807522
432223779
402773123
1874043
312458383
73719297
196211024
169623235
248208804
238420052
20761307
219914817
67804439
39372050
512736263
36179457
607029920
351730947
278346247
1998363
321740868
138602925
378767753
392373843
196690415
44537203
45624771
109048641
38846503
466582509
240922291
2657712
659987133
489557533
72908523
403924957
992892499
377443575
192116715
889717260
112439939
160153875
11679419
700281347
37086987
120594978
116714755
53533653
435708969
117528595
132444793
440142457
59726373
332465201
93984426
234358741
288130640
569503713
437447469
47927267
696288489
882319831
32781548
562562643
152345163
135554093
25579263
177146382
919372239
19253083
219527533
380674143
196108617
144986883
708536518
618886089
41170979
758316703
103019538
266361355
969654423
164930100
374062134
346503923
84341823
26150915
321196645
473929713
53643549
206491808
600188241
383103867
17770576
757282224
105201715
320327703
170944335
17463113
90694373
249644101
97622398
446705229
35157931
498875577
293127791
675228891
275929311
2144118
55583313
71336393
340654043
506175321
659698911
323972043
568535213
184801775
92213635
224682568
102522027
74503853
112209779
421789910
763735651
387080511
279321138
174208323
812223375
164475731
47191085
18740172
100977803
32717883
84004803
265186467
33012213
263435835
361925763
52688379
1824518
874260159
146881283
980668808
37074579
123754491
88896538
199289839
212989633
609920415
311520576
616653233
48856657
1222774
352004143
223823933
503207023
44923458
296514845
117604362
762569223
473512011
346352983
141580671
193533603
219438351
52276377
173829961
393506456
7746438
25719291
143586059
470802907
218293452
133942519
108824583
32678123
757661813
774763251
185427927
308655723
41172003
971399
741927279
681203298
21239591
884586228
265916127
199293213
396978915
454720992
290497287
288305383
638586507
243974669
425443557
81770549
875283
12321507
28208535
126959949
536596981
122158065
497074803
373653336
186910073
79980393
129757475
416909932
223277187
197852724
23464103
288152103
595705701
263144027
35791293
590043693
37761867
602176347
36383907
1870729
298552353
452862188
4031971
434601378
105400659
911824601
407537569
372899103
4244138
58784775
7696398
1012825110
11911992
742430373
482269648
507657257
259206011
199944358
196574351
868900546
31732803
621416356
616327340
206972868
181345032
165897915
238241727
96519195
160367259
52901689
435095526
192105129
60972210
32123875
62497443
810276443
125363715
66605197
196244352
477779739
201790063
25232988
68277533
281849523
558927911
123320367
305316861
318916161
805763604
58865392
691342635
123334237
124050819
165904581
174109239
457162840
154995797
247650563
422944371
541321575
161785753
782572581
35507725
37636483
747468035
406136395
30089067
115787356
37439823
203467059
513261636
223346280
22716253
300897271
283297908
536774821
37243803
1038651800
615363943
620087898
525534055
58306881
436555763
47678025
188347236
260234623
106164051
11910531
150868845
226058792
47181953
876382354
167235651
506621872
856753095
408451683
16854828
225225795
673599699
323706243
6869838
122468076
177203992
181678763
145651731
421261155
225209858
292649520
387483888
64367101
48251272
41758923
647375589
47580945
449046384
38400033
27971499
52606767
37828551
457583213
502690576
869957661
614893060
742231547
22880172
61229407
473332581
7265349
53657321
86535648
833486848
151390231
456857651
324889363
151946907
115189623
8291583
253949319
246520179
226153749
850311203
3188295
196352787
255091667
20255458
166136187
178168503
151723929
9967398
921587223
316370433
484141203
2289598
88451730
45176706
130974963
332674503
60035083
126049143
57909173
14411033
165907926
105966403
560390589
217395675
120938212
31664793
12416553
141557938
55417131
218932611
88420559
173917608
7758915
429786503
559576043
38202168
521400083
349854375
455549151
68844627
89773692
183493635
1387732
65906963
29874987
152255626
75051123
511788852
138432297
813291843
217383903
118320483
392298885
25533998
555775218
247393701
42286986
8104647
38031039
91130977
193682122
58556482
7699703
147860153
46992858
701282433
552805509
312710828
362056173
205728591
337327224
773071379
218416063
453832590
193435914
455869168
59631823
160473226
229329649
252605669
645714708
59444547
86931991
18173891
447866489
11932203
4255518
58340253
99628585
373167057
253110593
127525923
12298671
27363078
22855395
17102748
68804607
54136322
453977505
663036573
296275686
305572583
146163570
71231873
487051266
275635640
133927707
629519047
2043603
113878059
569026535
925520499
20475633
20171245
405729327
5235195
4592283
460659631
291282627
583084768
665828853
163076194
79736518
363490663
411370339
30109903
354412019
58484975
192219013
83156227
235708827
457853427
11504531
416897427
175538867
35340963
266513163
148756482
132106419
411598293
51298691
642995818
198004611
316053783
602236649
169648401
435280143
344697895
137404221
288862083
847740393
107488572
847255227
11974791
466829379
206441187
3150579
182237619
355631769
209112699
63003780
12282435
3681633
33224588
4904549
110912686
121956783
41764027
90406275
562131115
179360835
682623537
466715
159160533
120418366
866995379
311838579
638166195
456571715
26930688
235513515
138194283
469932795
221279803
614711373
169841103
167022878
40828513
212446263
310866715
528162876
194527483
233612679
59264187
280747267
59756115
61171999
616510302
500090691
229325628
35343255
348183513
80443876
101382699
291802383
67141675
163048155
943169871
180852880
261618051
56658479
471758703
325822881
27771103
16416354
6271995
708610346
410723027
128801180
30647673
197521775
6632409
48003131
52923153
37694715
30424733
577033173
47108625
155625011
1119303
106505792
463476303
20042328
533530778
267622995
142706639
58269355
789231273
827787144
497779654
498121913
326255166
148057703
292260384
196791039
78283640
351483528
39106278
147336793
438310281
208809831
559251922
85799004
588358281
2602951
8432649
109343883
728390303
174257736
32293653
477377283
296920639
194015019
103008818
30224763
383822019
201579078
875839191
783067437
71987203
292842487
3561507
338918835
241188951
285505558
567726253
3028403
347964067
27762815
354165815
611805873
698528801
42308733
443202033
141321960
545708484
13829203
41598547
128995023
136073688
519064570
95574000
112414211
605887792
75492918
375509553
541681563
2112303
882751183
1491258
888109973
306422560
841183203
61580113
17424411
742810380
45017167
587086510
477980758
349778202
153038223
164007165
213662144
247305923
90765119
30832788
77385276
122811880
147808603
27623808
620883
889202436
124487561
40985103
409416533
135782369
183561241
26841543
142466288
44745276
734634501
115455618
41169963
23303388
353977697
554621563
153586804
153160608
272885856
214204363
312410703
357902751
297187517
662478323
296154402
190387475
184114563
55140088
22774419
257779653
82707858
58850531
155334423
29343949
726299463
310734591
55344043
269210709
88618755
558791433
37223895
7089033
9589267
129672546
128468688
35718283
267318431
148216695
60741695
774277659
1978293
109077759
559187655
257922243
65522005
150048921
356006489
617257423
73990612
113688149
175386077
33740851
85460235
651270178
83145023
180696207
582790459
22858475
288229503
105104823
8727267
553860513
321753799
323477533
443521323
15987123
216007340
39403313
448166064
681720099
587574057
30342183
175739083
140562649
10994975
192146115
194575584
419522473
34362813
164581758
424455243
165137388
260622453
574721973
80588118
300158010
555049731
60600771
681862275
558001188
597007671
16421749
174459017
210412368
4571147
252214059
127947545
774284459
495265401
466298355
20141978
121849863
26207051
884113431
37897347
158567943
163035278
403324947
94286805
127234054
604343643
576787779
389758253
139237819
586877099
939046639
96379939
194562207
89649264
37030186
232166973
86377213
43856316
411302787
595231695
117954961
570307337
60444003
382428063
227354955
408217835
483335577
94007555
100362241
18812912
260826844
34881315
49369292
169715603
250711035
351187983
17595459
96905999
453125457
742745
665484963
567662403
63027555
323524113
351519675
192681507
111058203
88769012
14660983
381187467
558377688
334568106
122021167
246341463
132640620
851533777
344651453
63763212
574845039
556382528
576083
501217668
37141338
654563909
190723779
736361157
155475928
143689269
5002884
883050864
504562183
127501923
27070053
887653133
950165031
395649547
57282121
715256171
351516995
56195479
121011719
627203859
56313601
74550633
1701241
310258959
71380851
147002928
83605091
324624195
161778003
26129700
795942909
140139243
593524443
745619778
126241683
894160028
90104403
398566868
55841201
89314975
55173279
650781339
312259707
378445077
692753562
69416447
121003878
216932789
197943413
206614227
312457928
35740340
67385731
37234983
132875940
301472479
14022011
653265791
397449021
103904407
495103635
301760651
214566194
969966990
56081831
460285601
323422275
551621550
116728846
635645616
386047532
170052435
253847107
107821731
454078089
63403483
469881723
126224587
198630451
437345670
42589495
821484615
169248313
687684749
161573853
80585057
211507539
149923203
329741977
57149515
436756893
49213983
22951427
373205880
186971831
478976276
4700912
178507024
305771715
95924418
96213603
15326985
124610258
603112275
234468253
315195240
80609686
552830162
617569005
601332015
172316473
482432025
108387308
284274327
124010265
397929003
391649613
4572628
175177023
156728571
662728589
3726779
48735519
157329864
5844216
561005315
494397515
71163207
785687868
529185561
59097613
379818089
78096351
281409571
119890961
56498627
69952801
10434965
683157891
85882323
853875597
253550895
24902375
85053555
5813270
185667639
211493937
251338017
6323544
166035111
214579463
377652278
37538708
31183647
373055870
22524375
574915075
198085856
28344907
517836153
503425273
216131715
6847896
395668199
6630621
332951
495637611
229386317
532934023
310637187
187087123
110067412
94232703
22400501
389224769
382185996
388350211
263780544
454488412
539359985
309829203
8723594
472709504
200016523
55283763
236909655
30139164
5445183
40620071
186756286
319018215
164721627
334597674
329874283
308775841
176657681
222976419
811350807
529359
83884167
486952537
483726896
536706920
150133987
204972489
293895348
457332638
149144179
37026347
4315313
195692283
104812158
705136002
136608018
614243435
515914207
397197793
82033998
598307988
5707597
236919903
10839084
478459803
178270928
239490189
658133407
316969175
781095099
128383527
630399553
860114497
128621731
606965943
79271371
577316655
428546901
135238545
274773147
340385283
249913173
101529498
130737891
327605337
84188262
316042755
509179233
711332083
151958787
889244163
365760757
783873853
618129609
19996059
35015923
351127660
689619396
9269463
27717089
260389184
62758257
360663363
195843553
433615
569267245
549362257
516812803
195350235
188479667
281770223
10261018
263681268
119027778
710968988
299960736
24767505
704357283
65662365
479007774
188598083
288577617
300621863
66057033
192557235
358655793
317760171
401095828
55471031
32593971
26634515
54322806
179272674
564924
42073923
286162859
258778744
243573066
64770083
87982733
7731783
97308291
548215039
49576932
295159
218343093
371772471
249812181
102917184
37721169
508657152
662987153
84391361
147250022
326984203
10971873
211375747
148374141
117402003
576998733
763291188
884354250
79669251
182724793
575955243
68205103
237188525
925183115
132907743
334815827
508486344
28230033
285408147
206664097
370383219
547297299
196949883
313438611
114843258
184136466
620562267
409246576
75449187
80812203
409280833
294006471
740949642
35633328
422986815
23566356
44797059
390156448
520523513
34179293
292009073
168758568
800350565
136711527
240894839
470124515
322001543
995816035
135204671
867142293
299468217
119984383
379641453
23213443
260868063
136959973
11209355
581369778
345721269
325784175
70975259
10139898
23944143
163235763
539379641
76555202
333735933
774422103
473114659
453794297
126412233
70184963
13675548
765415213
38684523
31894223
606867
216777900
963243203
189531747
221007803
49194002
271271523
85520960
130124802
415745876
299761143
42528705
508871223
203265723
559311663
180439395
432523843
436728823
60132439
2132133
143145687
212779478
266402657
23988750
124161772
903507
154468863
414639449
296652875
299670499
78363547
57784418
296278821
26916801
345964393
414660391
421304205
16545609
465328678
42551283
72601959
157721121
260253369
428047871
579597188
7287437
16248543
229663747
59618219
34263648
155577165
545348379
185529843
17895661
119794899
381350282
16310453
73151301
649634043
97321939
102103870
42851211
322760458
787668753
19639557
28446882
172363665
69725253
101766627
374243802
100962125
163579000
428825829
111301509
482965563
413153712
471094599
119262003
501215313
179852025
29480375
19349084
224043003
74737959
213359279
17148933
519908574
204594947
449326083
454818516
168126159
194244453
9729313
589283555
834401211
306309684
18153827
66564673
41670897
214140748
37453161
150082572
178814379
74534398
25775422
5790942
46791451
329470065
493761819
257908044
94672349
493938341
263933608
702387208
266262227
23382795
715971
465680178
471502603
316084086
572113188
135575565
303933618
266733036
31596911
107532558
580150135
188273479
2952513
382960123
161930289
260132567
386270814
307463553
832047185
28848197
490039776
647872443
100644507
10410723
123965001
21144459
405282291
674470824
533049523
84056079
511948165
23405091
109045383
684907325
650537887
126706907
178037103
14607643
200620371
349926411
51086547
524153207
344196827
99918483
346895619
6603943
909480963
115653780
127793783
573698878
491659995
199634592
223698927
24807339
193138077
634566959
183217017
83311507
472864657
6230858
131327751
11516718
538912013
170648716
101469203
184347159
414320637
346625838
13028550
321080763
36891907
530817358
2723787
60473793
122437741
25323003
3980979
26472581
337820763
203877318
958721
238463203
78483044
216876483
68780094
54624120
18581335
269367962
401995843
463219363
409833909
69399003
31164563
51623459
18653253
563632353
851909887
433783551
97578219
778795293
624751158
405429951
102992051
161228217
290814807
456379041
217465041
298307587
27767259
172644453
636579523
10547607
139579410
133659263
479558208
43982273
125400899
408122337
249721202
264352091
137099987
2424003
662959713
6099553
657822162
1500603
205971645
568885278
32548071
49122993
4241540
12519398
748530743
213895239
122060803
124384839
77467433
497604474
87079402
567589359
209569781
324799383
852302321
359756068
210785409
690631548
69073315
177633630
727896143
154540159
191484419
105441225
667809600
267811561
609839013
647230994
305191448
338925763
19606419
5869083
120658215
315171228
666615065
36328513
579956534
86242831
98883427
102029385
378527803
43426303
346161935
15316950
4355133
11690631
37493595
225473621
7331907
35818611
222381372
236276130
332066472
93646803
154969131
724551996
12054081
8257203
41632887
294895488
285959901
595793461
452614737
66170310
277793043
192939568
647846139
80115939
234790435
641290807
8696835
24085107
375250525
26462747
182164299
94585281
257770191
482228593
909569335
13039851
396017
681900547
27063731
604143801
193693313
787987713
136744885
57400929
54784629
698546115
41197611
6177783
105295023
146506623
155301557
441748353
323444955
430713755
57335017
58547325
12948813
157005059
614149245
440883785
461341579
218311685
229470761
506925653
151012783
278241525
353494566
415115141
185773854
554462245
579545229
2354047
1029160288
101041387
233693809
275906391
474469856
547506253
486885297
376299801
318598055
140176514
1007793866
72848152
906388275
13614415
247267320
585960383
99763095
29480095
770793453
582486204
726944233
201770742
367704591
356282197
75711543
52490731
22369599
16886347
45313575
732648
260579757
177103875
48142526
14472703
64781859
364730606
31977683
22020283
10519780
62076901
194598115
629260348
365665503
921739745
584049608
355097395
166622438
76097777
103332918
899951711
75590301
709393139
300317139
759002343
512899614
304886987
524219155
11907651
8647477
250389483
385945579
483032703
950042928
6653751
271551065
266632251
180594795
457114243
49316931
377665131
1275249
239441385
96979743
402363228
311087902
88446459
26132163
26059108
338679687
47226023
392913465
876990287
549274614
125991258
608179197
239222883
676839785
229383963
144688209
1789443
106105338
203029185
217717419
189906135
492900847
25423231
425000328
114481431
133371978
1969083
552776739
355226238
388180458
287372699
45648781
270519283
138091827
57277688
69406275
3370386
444518391
234117651
139372593
263080059
232871399
884068453
141579563
630121467
725576024
198037893
651665551
196965429
3054873
254529278
229516287
472256403
381763609
712679850
227794191
755595973
26310903
269534771
330770367
853973838
140009178
387394990
150293667
57653916
297038882
36960633
478050165
302777632
281583097
230452887
557062411
308978519
574382515
319019475
502801626
74493842
18712053
170779641
155092591
112513598
629591512
11938118
99932811
111944003
395182707
426258385
527549691
342846559
142599280
181526315
861936855
15797103
252964611
4967217
53545079
16739733
86778286
86648829
158039247
98878099
301415853
520537531
508917123
98891334
172739163
133585353
779723805
264332828
39706365
112496397
156237477
272635597
740211492
492784715
111079939
153582902
95694915
481738583
412320179
99184008
437238693
17622051
120991111
29593658
784585023
310563385
20937033
605807538
838804858
693719157
473668223
205297581
292152366
23494756
107219361
665686933
262664493
776744187
134668488
202646707
67017814
93166747
431882513
194900227
372672048
310583257
190911277
129312795
790289019
193284238
365419374
411725451
233429451
134729213
200294979
204521641
129186403
688084419
5502417
93098843
169766915
585269919
254987538
244084708
384347791
133523541
439166328
402502147
216368051
8609853
897787203
542695926
765259947
38499003
417634571
243919718
231175915
52313891
424082955
531310819
8190150
536389473
799698195
24343639
28062912
142561255
103789533
129945791
176040558
332173031
147919328
217694577
458508882
261860378
184111939
358183179
180683441
131790147
2854459
6636555
260894868
17423092
76073331
684057150
272173359
192549241
260818405
130190112
204795303
98692635
299358069
554972265
225660891
730115363
500266371
187335455
395612703
352288771
204489365
58766718
293822636
426488082
23795667
362011770
391796347
646901830
596965978
20212910
86605119
123311191
454648997
251999618
903224039
285280107
236445707
334151235
98048831
787105973
84631824
572275830
523079094
207298627
12876428
321710853
10849655
485045793
92152583
301278859
65028000
428800529
735578280
177787231
391308673
421065923
179584058
154390437
179874438
55077379
874240821
561730297
822994878
359373464
108711331
112006803
37951644
704092462
253796803
651043875
452602691
9251635
36727239
671844750
588655851
28114531
20221087
94243404
244442883
512370831
572976847
348007661
4411703
132630
290291907
17728003
451054830
42503643
288967281
831106265
12597744
292686402
150279825
392693353
789946
471145447
132764243
109807611
439588893
5961441
726385971
569887179
183106003
37814923
53964848
59179618
124316517
131755125
122032452
435699479
242782963
19909755
218222995
346951818
523741676
128498178
125694701
89475553
230072034
73015023
386470766
84344386
44949015
235121643
527268353
59647195
24901707
530118109
820345728
109681557
216582327
758043239
186001998
33648842
405943095
816017575
317910209
106306671
277633011
380508111
2581486
595557603
264144483
33748256
256606843
68624494
105412073
21416583
228388531
681381708
627255463
708356323
196108032
129023511
163932970
326933883
387166095
171545475
33155859
74484985
589061763
243487182
58792503
466856793
26225441
169583460
325566981
13421568
335240844
562407315
388136127
26600915
391888992
41491929
139661903
176365827
150818455
353429431
91269825
379677972
21649369
633762667
384689847
669810078
351984207
298464240
312050962
342268707
562281251
50526162
233664973
32769483
399980022
805861895
148956907
281120427
110332248
490227993
209793675
50251771
166437387
9897075
120450
288282361
322111548
540597879
258907623
152990400
117968908
17875333
853184053
266104259
375019230
76028425
142361539
76321479
63227453
242705108
71569119
452427005
78724464
76851163
325750803
118963120
108427539
83644083
593640751
22025793
334793283
586752498
110908269
331399198
15530268
72924943
250407255
398884179
129116928
870962735
17536027
297439302
19113207
414066384
270389535
446329857
161861115
597433723
6915110
306623091
130137139
199254576
14711181
266827543
45619555
807865711
134830803
187384167
189231901
607344493
188646630
197548884
274956027
873641499
521033657
603757443
258086923
161342805
319266867
117269043
403667043
884314422
354323973
117910563
386355483
3558552
95830423
68479938
50235903
627069619
179076252
1021294651
492561603
660149185
595166643
25093803
727609031
297344008
80176491
68106
905431123
160362202
542971747
20972019
9794523
31800423
305378461
99961923
298557208
78931753
303272001
525262278
136692039
115533878
56513818
4654413
6332839
56093073
168721425
87876921
99467121
756134924
83247138
583247017
3543107
17936006
1726158
370306271
310273514
112575939
165560103
18191667
296572285
681787353
83672013
396014346
91477290
174683523
26257212
49896443
413597781
333660629
773622153
1040181
52712023
237894354
682905055
19671459
168157095
108648543
801862072
7297227
289143561
257076001
682911738
451069587
339997023
105858883
153834552
723074051
9758739
350611491
23334423
90718783
699440133
2760969
540996459
96982317
288192579
368879693
751583368
68267163
266968016
124487667
104804026
126035571
351601199
101328323
501996003
538352260
387441470
73379283
637689835
678236331
613851428
511030931
575754
113072788
260241427
230572227
498341015
5690793
251491447
130665777
19846883
770003853
656778415
22780156
147627351
37381571
176510991
59863527
36968412
355487451
310767782
182044707
742869107
255732755
549891258
195684877
8773489
84094811
92222723
1001279403
134970846
610004093
4462153
332901859
69040403
170687935
196613459
944948075
675322423
10518863
16764083
765915183
586851350
32537467
235736756
138303798
13003235
218750073
125104553
49203213
119105787
287855648
31083348
100193880
85195323
220089513
516641597
49171299
217245367
434046415
14935275
593623371
136049334
670322799
498740899
288543699
365589354
152742717
5449551
265827825
38996915
762281625
647764901
222766771
96092541
63452427
215071628
264373251
251875335
42565827
640093587
88431969
142942065
651915309
622998648
674725443
390781123
335621527
53343439
63946119
465434883
197822955
136714563
217515028
216598287
13734867
877300848
610453123
173369739
851433691
483603
23865521
249655827
97889265
1557753
681805798
53518923
23859384
555532775
221090323
12172873
345857877
37921719
354489285
143660509
76812159
314026588
236293399
239394648
207453019
2435323
649520451
186451972
290357571
126925922
552336973
92106529
77884293
129349805
350195361
11666238
61036990
11868543
137704986
696454965
577776147
7913283
201290115
120403363
14008411
114109545
152883987
112985343
375928476
168663136
522322911
204156813
44082216
18323763
115925046
493693531
118224379
313287053
26903528
81750198
199466031
182580075
248594423
919577127
143033803
188527788
12013653
77996404
574874285
244041837
655164733
17866729
143801955
210237568
490656593
96574019
272816553
709016437
286896351
608364045
88154379
138282338
8792223
545952053
854864874
100794048
168322519
560744301
81785132
950853858
483246759
662404456
152788391
351689337
382088028
421268074
514676571
470083318
900248099
756659019
361302989
320002582
345336780
348959523
115851716
553657527
9353919
636452691
551574719
37754903
778626678
53691069
658851630
393146574
648181139
5871903
31434228
416912163
548266656
342645999
292241578
34171875
34242981
322445595
82973003
146777761
874573163
74449963
483885306
75312318
174220028
73342798
899616
249464603
174941847
177458691
175982745
246819423
441998064
488641611
357366411
9327903
73345969
77114039
2651465
619487711
631131091
246198423
5452192
4483504
556192331
88972083
77549776
438922803
521264439
50897355
69261053
60966237
225646374
16856783
261550350
29948691
33312872
256536402
62386317
242596466
336933444
27575268
465104601
204729645
783880438
360776739
66611883
43126099
472222980
812308675
367880103
78269667
415805779
872294991
3834876
125813186
15233771
114656217
745367364
74416939
252312115
273373235
164900067
78756753
3459351
281486003
2972503
4710417
96317539
357064711
19695739
53383440
548363771
575099545
154446427
409324989
17122542
510609280
313966809
725356859
856304503
270112587
33442473
405110738
168219303
595393494
52608723
95602620
655490397
598502847
295391592
74742762
319847961
94482123
93980703
730342368
660074082
719945075
298087203
396898676
516641441
762323845
641652051
161622953
13050
6021123
376391946
45558750
100252267
155824563
55291811
56952723
554363939
643431467
393095811
628750461
174081872
145513371
65639697
11950008
10473114
150510531
39939123
47589843
32163219
132263673
516057477
284637635
190234531
104528770
183362637
212129179
46146094
295895823
233217891
929183603
18686545
312350673
404488388
715472838
545954305
196095910
14037189
690493950
252081283
318715787
33544563
48200845
859867759
221462679
256233603
31625628
163617747
557023125
56657019
38703603
866203523
292783250
86857785
62729033
201536487
548575687
1082451
150420003
93954243
11366582
1023791445
3206633
961977041
77001648
547146624
226867395
342394678
173510509
60586860
233516484
368764871
233735703
566847372
174370953
41517171
144720134
190217912
261161691
73645827
540212108
88903013
91450147
270533415
265364039
13815988
38794210
331453559
836190084
25396670
360818566
28661793
126917795
163772465
151076721
29192350
155583423
376594223
606969278
323311997
516942927
60777267
100628426
686441951
192580823
923887923
826756570
196518029
14306915
403931774
4761480
531993285
21128195
388181595
73631133
904348587
168567717
935331569
160488783
500352867
514987203
513356247
845814589
665786523
277840995
2608338
138443795
204795913
173895555
167094083
714982961
87533139
942316851
98858547
188590251
166431346
944940
80487386
271783923
118308732
13813573
225830195
671896623
123480219
402838091
810134163
28609467
638733724
804750411
288306060
200295605
474838443
40873549
75909571
182777955
260125023
77830613
393667934
411949722
5884383
652632165
36192360
587524791
62675043
14315601
229312679
43687251
153494743
34611281
796180867
30571833
26217073
886543645
317370517
300109008
865712763
105408903
83457090
620989151
60148899
330112446
271094763
5339627
557743213
77854563
439275531
150308307
603121143
183954631
460010491
727074923
555814815
100346956
419036867
436122323
594851219
355147292
130581144
807688137
255487284
340119165
535689683
175736185
487143503
604561212
647577381
644655078
332038444
73202
357462599
525327925
168587439
383140182
183015759
15085932
146029579
9670053
406865160
45065368
19163673
538964450
563617542
333407703
184997049
