8
30 435 5
0 1
0 2
0 3
0 4
0 5
0 6
0 7
0 8
0 9
0 10
0 11
0 12
0 13
0 14
0 15
0 16
0 17
0 18
0 19
0 20
0 21
0 22
0 23
0 24
0 25
0 26
0 27
0 28
0 29
1 2
1 3
1 4
1 5
1 6
1 7
1 8
1 9
1 10
1 11
1 12
1 13
1 14
1 15
1 16
1 17
1 18
1 19
1 20
1 21
1 22
1 23
1 24
1 25
1 26
1 27
1 28
1 29
2 3
2 4
2 5
2 6
2 7
2 8
2 9
2 10
2 11
2 12
2 13
2 14
2 15
2 16
2 17
2 18
2 19
2 20
2 21
2 22
2 23
2 24
2 25
2 26
2 27
2 28
2 29
3 4
3 5
3 6
3 7
3 8
3 9
3 10
3 11
3 12
3 13
3 14
3 15
3 16
3 17
3 18
3 19
3 20
3 21
3 22
3 23
3 24
3 25
3 26
3 27
3 28
3 29
4 5
4 6
4 7
4 8
4 9
4 10
4 11
4 12
4 13
4 14
4 15
4 16
4 17
4 18
4 19
4 20
4 21
4 22
4 23
4 24
4 25
4 26
4 27
4 28
4 29
5 6
5 7
5 8
5 9
5 10
5 11
5 12
5 13
5 14
5 15
5 16
5 17
5 18
5 19
5 20
5 21
5 22
5 23
5 24
5 25
5 26
5 27
5 28
5 29
6 7
6 8
6 9
6 10
6 11
6 12
6 13
6 14
6 15
6 16
6 17
6 18
6 19
6 20
6 21
6 22
6 23
6 24
6 25
6 26
6 27
6 28
6 29
7 8
7 9
7 10
7 11
7 12
7 13
7 14
7 15
7 16
7 17
7 18
7 19
7 20
7 21
7 22
7 23
7 24
7 25
7 26
7 27
7 28
7 29
8 9
8 10
8 11
8 12
8 13
8 14
8 15
8 16
8 17
8 18
8 19
8 20
8 21
8 22
8 23
8 24
8 25
8 26
8 27
8 28
8 29
9 10
9 11
9 12
9 13
9 14
9 15
9 16
9 17
9 18
9 19
9 20
9 21
9 22
9 23
9 24
9 25
9 26
9 27
9 28
9 29
10 11
10 12
10 13
10 14
10 15
10 16
10 17
10 18
10 19
10 20
10 21
10 22
10 23
10 24
10 25
10 26
10 27
10 28
10 29
11 12
11 13
11 14
11 15
11 16
11 17
11 18
11 19
11 20
11 21
11 22
11 23
11 24
11 25
11 26
11 27
11 28
11 29
12 13
12 14
12 15
12 16
12 17
12 18
12 19
12 20
12 21
12 22
12 23
12 24
12 25
12 26
12 27
12 28
12 29
13 14
13 15
13 16
13 17
13 18
13 19
13 20
13 21
13 22
13 23
13 24
13 25
13 26
13 27
13 28
13 29
14 15
14 16
14 17
14 18
14 19
14 20
14 21
14 22
14 23
14 24
14 25
14 26
14 27
14 28
14 29
15 16
15 17
15 18
15 19
15 20
15 21
15 22
15 23
15 24
15 25
15 26
15 27
15 28
15 29
16 17
16 18
16 19
16 20
16 21
16 22
16 23
16 24
16 25
16 26
16 27
16 28
16 29
17 18
17 19
17 20
17 21
17 22
17 23
17 24
17 25
17 26
17 27
17 28
17 29
18 19
18 20
18 21
18 22
18 23
18 24
18 25
18 26
18 27
18 28
18 29
19 20
19 21
19 22
19 23
19 24
19 25
19 26
19 27
19 28
19 29
20 21
20 22
20 23
20 24
20 25
20 26
20 27
20 28
20 29
21 22
21 23
21 24
21 25
21 26
21 27
21 28
21 29
22 23
22 24
22 25
22 26
22 27
22 28
22 29
23 24
23 25
23 26
23 27
23 28
23 29
24 25
24 26
24 27
24 28
24 29
25 26
25 27
25 28
25 29
26 27
26 28
26 29
27 28
27 29
28 29
50 50 6
0 1
1 2
0 3
1 4
1 5
3 6
0 7
7 8
3 9
4 10
2 11
11 12
10 13
6 14
8 15
11 16
2 17
11 18
5 19
1 20
7 21
18 22
12 23
3 24
6 25
5 26
16 27
15 28
17 29
2 30
11 31
8 32
9 33
22 34
17 35
5 36
31 37
0 38
26 39
10 40
13 41
40 42
6 43
33 44
39 45
8 46
42 47
10 48
9 49
36 13
50 500 7
0 1
0 2
0 3
0 4
1 5
3 6
0 7
0 8
4 9
4 10
3 11
1 12
0 13
7 14
7 15
1 16
4 17
13 18
15 19
14 20
14 21
0 22
20 23
19 24
10 25
5 26
8 27
22 28
3 29
1 30
22 31
8 32
5 33
19 34
27 35
17 36
8 37
31 38
20 39
37 40
1 41
13 42
34 43
6 44
25 45
39 46
12 47
34 48
2 49
44 20
11 16
3 5
36 24
10 38
1 45
20 34
22 14
32 6
2 7
12 18
9 28
45 9
38 13
29 29
35 5
44 43
39 42
49 8
9 2
19 2
10 48
25 2
25 28
0 19
42 19
22 21
32 10
15 47
37 17
4 26
44 15
26 9
24 6
0 20
8 27
1 38
28 33
7 12
45 9
35 47
30 16
45 40
18 39
2 17
24 38
19 0
29 37
9 3
1 22
29 25
7 32
35 14
40 44
29 26
22 34
38 20
24 47
9 45
26 28
48 31
22 38
44 29
28 24
5 9
38 21
41 39
1 23
44 0
15 30
35 38
13 34
0 31
20 0
6 31
22 26
9 31
30 37
47 41
49 5
41 30
41 15
14 24
24 29
30 28
25 33
14 43
31 34
45 36
16 37
8 30
36 26
2 44
30 44
5 28
10 46
1 16
17 36
28 47
41 4
9 32
46 30
33 47
6 13
21 29
15 29
46 5
23 44
6 10
23 9
23 1
8 26
34 48
46 42
37 0
42 42
40 13
8 12
36 27
8 44
9 48
20 4
47 0
5 1
26 34
1 27
19 46
30 42
47 43
24 30
37 47
35 28
26 31
25 22
30 5
7 36
48 1
8 11
48 10
25 11
28 41
36 46
20 7
47 35
30 45
20 2
40 12
13 5
31 20
16 31
13 22
45 28
39 40
4 27
49 45
47 14
10 15
41 3
17 20
37 4
30 17
40 41
36 41
26 21
16 22
37 30
18 30
13 28
44 38
41 49
44 29
17 19
14 14
16 31
10 7
28 20
23 37
37 15
39 40
37 0
18 35
46 38
48 4
44 35
22 45
18 2
40 22
24 29
4 18
27 15
48 4
1 44
32 18
27 49
47 33
20 23
3 15
39 13
41 8
38 42
40 48
40 0
4 45
20 2
48 17
13 36
36 47
43 13
6 32
2 46
14 27
13 12
34 24
27 2
26 13
49 46
12 46
30 46
31 38
15 40
35 41
14 9
10 5
9 22
23 7
49 29
8 25
11 44
32 37
30 44
45 35
30 20
49 5
48 34
43 22
4 16
20 40
26 45
1 26
5 21
40 15
2 31
9 1
8 40
29 41
34 2
17 27
45 9
1 25
42 36
28 0
17 11
48 31
10 12
35 26
25 33
22 48
37 23
24 22
6 43
22 46
48 13
7 49
22 34
1 19
26 9
48 8
6 15
47 8
36 31
15 3
5 43
49 24
27 4
38 24
7 36
1 39
13 38
7 37
42 39
25 16
19 38
25 14
8 23
38 35
39 18
4 5
23 4
12 35
36 26
0 25
48 11
35 6
29 12
4 33
25 9
46 46
12 46
47 36
30 37
35 24
27 13
32 44
36 31
46 14
48 34
32 39
22 33
1 17
26 27
31 37
44 0
9 2
15 48
30 38
0 3
35 35
42 42
34 14
37 12
29 47
12 47
22 3
43 6
27 40
43 32
48 6
7 16
46 44
4 16
46 21
14 37
21 44
13 27
26 27
29 40
4 36
35 22
35 43
7 13
12 28
34 18
42 33
8 8
24 48
29 46
1 46
40 13
31 11
42 27
37 9
15 33
39 31
43 44
46 42
17 38
38 29
9 14
32 14
30 29
48 6
41 43
10 45
14 34
42 9
29 43
38 1
25 2
35 30
46 18
43 28
11 10
48 24
48 8
10 38
23 29
27 22
45 15
16 11
6 36
42 28
29 0
14 27
15 13
47 47
28 27
27 30
13 48
11 45
32 48
16 13
26 20
35 38
34 31
40 6
46 18
16 23
19 48
41 11
19 5
31 30
3 25
23 6
0 43
44 23
46 0
35 43
13 7
6 40
49 16
48 6
28 15
43 1
27 26
11 41
18 11
36 25
11 41
19 18
38 44
3 34
30 8
30 0
44 14
35 16
7 19
18 37
18 41
31 28
19 29
26 37
37 18
36 26
42 27
34 39
25 27
30 42
8 39
24 38
0 10
15 35
9 13
23 39
18 14
49 26
13 30
30 37
44 39
6 12
24 26
11 10
10 25 5
0 1
0 3
0 5
0 7
0 9
2 1
2 3
2 5
2 7
2 9
4 1
4 3
4 5
4 7
4 9
6 1
6 3
6 5
6 7
6 9
8 1
8 3
8 5
8 7
8 9
50 500 5
16 19
0 43
47 18
14 15
1 26
11 40
39 10
6 3
0 45
42 19
34 17
38 45
20 33
13 10
6 41
29 10
18 27
2 31
13 36
39 46
36 37
45 36
5 46
2 37
18 41
18 49
34 5
42 15
32 11
28 29
38 39
36 33
41 10
37 4
12 35
36 5
0 41
26 29
17 30
11 26
40 27
12 11
18 43
32 19
9 6
30 39
33 4
38 43
40 35
4 15
44 47
6 47
41 4
8 9
18 9
40 33
44 49
0 11
15 44
29 8
40 9
41 36
33 12
7 48
32 35
34 33
43 30
29 44
4 5
26 15
11 30
43 26
42 43
47 20
8 27
45 30
39 48
42 37
2 15
46 19
28 1
26 45
7 30
8 43
34 13
36 35
28 47
37 44
36 11
3 18
48 31
48 11
27 32
15 38
33 48
31 44
13 8
17 44
45 40
5 0
20 45
46 17
49 16
49 14
12 43
37 20
8 33
39 14
41 44
10 7
44 9
35 4
37 40
47 12
43 34
49 32
29 14
33 18
28 39
1 18
10 3
14 35
12 49
43 16
35 44
4 47
34 49
11 10
11 28
29 4
37 32
39 36
36 31
7 0
2 5
8 47
14 13
11 14
2 13
45 8
26 13
48 45
42 39
19 20
6 39
45 46
18 15
26 49
9 16
18 5
26 47
1 20
6 27
28 19
6 33
34 15
0 49
11 44
27 16
10 37
32 47
5 14
38 17
35 18
3 26
49 10
9 28
33 26
43 14
34 45
1 42
1 16
1 30
26 7
26 19
13 18
16 13
39 44
15 12
18 45
19 40
48 47
4 17
46 27
26 35
35 8
33 0
32 41
43 48
10 35
38 29
38 11
17 0
1 14
29 2
8 31
14 37
49 2
47 36
36 43
49 28
44 19
35 42
2 7
9 32
31 38
12 7
9 4
34 3
12 1
8 15
49 8
13 20
42 27
31 18
27 2
42 47
37 16
19 48
30 15
41 2
6 49
9 20
17 18
15 28
7 44
19 34
37 34
46 37
49 40
33 16
20 49
35 48
5 30
32 7
47 38
2 9
34 35
30 19
13 4
7 46
28 7
28 37
16 7
12 45
6 31
31 46
29 12
5 10
26 39
0 37
31 12
38 41
41 12
30 33
5 8
2 43
40 17
28 3
31 16
41 34
1 10
5 44
39 8
31 30
34 9
40 7
19 2
16 5
1 32
8 11
46 11
18 7
33 10
0 3
27 10
11 18
2 3
45 10
9 48
20 17
39 18
26 27
36 49
4 19
13 42
36 15
2 35
39 4
31 0
35 30
32 5
39 12
34 31
17 6
29 30
40 29
42 17
41 20
3 36
19 14
27 48
4 1
32 39
32 13
14 7
41 16
19 12
13 28
9 10
31 28
36 1
33 32
42 5
31 40
14 17
15 16
40 13
38 9
6 19
10 19
6 15
17 16
48 5
29 34
13 44
28 33
39 34
2 47
46 47
48 41
30 9
29 42
27 4
38 37
3 40
4 49
8 7
38 33
33 2
6 45
45 16
16 47
6 11
6 35
31 42
17 10
18 37
5 38
1 6
4 11
28 43
33 46
15 32
0 29
20 7
16 3
37 48
44 27
26 9
43 40
3 12
3 20
27 30
10 43
32 31
35 16
8 19
5 40
29 20
28 35
5 28
3 14
27 0
36 7
39 2
6 29
46 3
42 3
44 33
9 0
42 45
36 27
40 1
10 31
17 8
44 3
15 0
38 13
15 10
17 32
2 17
41 30
15 46
13 0
12 27
17 26
7 34
0 1
37 6
45 44
46 35
38 27
48 29
31 20
5 6
1 38
16 29
11 42
12 5
36 29
49 42
43 4
6 13
33 14
16 11
13 12
37 30
19 36
3 30
45 32
31 4
46 29
8 3
26 37
43 32
47 30
12 9
12 17
40 47
1 34
35 20
48 17
10 47
20 27
39 16
8 1
26 41
20 39
1 44
45 28
7 6
1 2
40 39
4 45
32 3
14 27
9 42
31 26
43 46
14 31
46 9
5 20
38 49
46 13
0 39
42 41
4 3
43 6
32 29
49 46
44 43
33 42
48 13
28 27
29 18
41 14
47 0
27 34
46 41
3 48
36 9
40 15
49 48
35 38
7 38
3 38
14 47
48 1
47 34
19 0
17 36
1 46
14 9
48 15
38 19
35 0
2 45
14 45
20 15
12 37
42 7
11 2
37 8
26 5
25 24
24 23
23 22
22 21
21 25
40 400 5
0 1
0 3
0 5
0 7
0 9
0 11
0 13
0 15
0 17
0 19
0 21
0 23
0 25
0 27
0 29
0 31
0 33
0 35
0 37
0 39
2 1
2 3
2 5
2 7
2 9
2 11
2 13
2 15
2 17
2 19
2 21
2 23
2 25
2 27
2 29
2 31
2 33
2 35
2 37
2 39
4 1
4 3
4 5
4 7
4 9
4 11
4 13
4 15
4 17
4 19
4 21
4 23
4 25
4 27
4 29
4 31
4 33
4 35
4 37
4 39
6 1
6 3
6 5
6 7
6 9
6 11
6 13
6 15
6 17
6 19
6 21
6 23
6 25
6 27
6 29
6 31
6 33
6 35
6 37
6 39
8 1
8 3
8 5
8 7
8 9
8 11
8 13
8 15
8 17
8 19
8 21
8 23
8 25
8 27
8 29
8 31
8 33
8 35
8 37
8 39
10 1
10 3
10 5
10 7
10 9
10 11
10 13
10 15
10 17
10 19
10 21
10 23
10 25
10 27
10 29
10 31
10 33
10 35
10 37
10 39
12 1
12 3
12 5
12 7
12 9
12 11
12 13
12 15
12 17
12 19
12 21
12 23
12 25
12 27
12 29
12 31
12 33
12 35
12 37
12 39
14 1
14 3
14 5
14 7
14 9
14 11
14 13
14 15
14 17
14 19
14 21
14 23
14 25
14 27
14 29
14 31
14 33
14 35
14 37
14 39
16 1
16 3
16 5
16 7
16 9
16 11
16 13
16 15
16 17
16 19
16 21
16 23
16 25
16 27
16 29
16 31
16 33
16 35
16 37
16 39
18 1
18 3
18 5
18 7
18 9
18 11
18 13
18 15
18 17
18 19
18 21
18 23
18 25
18 27
18 29
18 31
18 33
18 35
18 37
18 39
20 1
20 3
20 5
20 7
20 9
20 11
20 13
20 15
20 17
20 19
20 21
20 23
20 25
20 27
20 29
20 31
20 33
20 35
20 37
20 39
22 1
22 3
22 5
22 7
22 9
22 11
22 13
22 15
22 17
22 19
22 21
22 23
22 25
22 27
22 29
22 31
22 33
22 35
22 37
22 39
24 1
24 3
24 5
24 7
24 9
24 11
24 13
24 15
24 17
24 19
24 21
24 23
24 25
24 27
24 29
24 31
24 33
24 35
24 37
24 39
26 1
26 3
26 5
26 7
26 9
26 11
26 13
26 15
26 17
26 19
26 21
26 23
26 25
26 27
26 29
26 31
26 33
26 35
26 37
26 39
28 1
28 3
28 5
28 7
28 9
28 11
28 13
28 15
28 17
28 19
28 21
28 23
28 25
28 27
28 29
28 31
28 33
28 35
28 37
28 39
30 1
30 3
30 5
30 7
30 9
30 11
30 13
30 15
30 17
30 19
30 21
30 23
30 25
30 27
30 29
30 31
30 33
30 35
30 37
30 39
32 1
32 3
32 5
32 7
32 9
32 11
32 13
32 15
32 17
32 19
32 21
32 23
32 25
32 27
32 29
32 31
32 33
32 35
32 37
32 39
34 1
34 3
34 5
34 7
34 9
34 11
34 13
34 15
34 17
34 19
34 21
34 23
34 25
34 27
34 29
34 31
34 33
34 35
34 37
34 39
36 1
36 3
36 5
36 7
36 9
36 11
36 13
36 15
36 17
36 19
36 21
36 23
36 25
36 27
36 29
36 31
36 33
36 35
36 37
36 39
38 1
38 3
38 5
38 7
38 9
38 11
38 13
38 15
38 17
38 19
38 21
38 23
38 25
38 27
38 29
38 31
38 33
38 35
38 37
38 39
20 100 7
0 1
0 3
0 5
0 7
0 9
0 11
0 13
0 15
0 17
0 19
2 1
2 3
2 5
2 7
2 9
2 11
2 13
2 15
2 17
2 19
4 1
4 3
4 5
4 7
4 9
4 11
4 13
4 15
4 17
4 19
6 1
6 3
6 5
6 7
6 9
6 11
6 13
6 15
6 17
6 19
8 1
8 3
8 5
8 7
8 9
8 11
8 13
8 15
8 17
8 19
10 1
10 3
10 5
10 7
10 9
10 11
10 13
10 15
10 17
10 19
12 1
12 3
12 5
12 7
12 9
12 11
12 13
12 15
12 17
12 19
14 1
14 3
14 5
14 7
14 9
14 11
14 13
14 15
14 17
14 19
16 1
16 3
16 5
16 7
16 9
16 11
16 13
16 15
16 17
16 19
18 1
18 3
18 5
18 7
18 9
18 11
18 13
18 15
18 17
18 19
40 400 7
0 1
0 3
0 5
0 7
0 9
0 11
0 13
0 15
0 17
0 19
0 21
0 23
0 25
0 27
0 29
0 31
0 33
0 35
0 37
0 39
2 1
2 3
2 5
2 7
2 9
2 11
2 13
2 15
2 17
2 19
2 21
2 23
2 25
2 27
2 29
2 31
2 33
2 35
2 37
2 39
4 1
4 3
4 5
4 7
4 9
4 11
4 13
4 15
4 17
4 19
4 21
4 23
4 25
4 27
4 29
4 31
4 33
4 35
4 37
4 39
6 1
6 3
6 5
6 7
6 9
6 11
6 13
6 15
6 17
6 19
6 21
6 23
6 25
6 27
6 29
6 31
6 33
6 35
6 37
6 39
8 1
8 3
8 5
8 7
8 9
8 11
8 13
8 15
8 17
8 19
8 21
8 23
8 25
8 27
8 29
8 31
8 33
8 35
8 37
8 39
10 1
10 3
10 5
10 7
10 9
10 11
10 13
10 15
10 17
10 19
10 21
10 23
10 25
10 27
10 29
10 31
10 33
10 35
10 37
10 39
12 1
12 3
12 5
12 7
12 9
12 11
12 13
12 15
12 17
12 19
12 21
12 23
12 25
12 27
12 29
12 31
12 33
12 35
12 37
12 39
14 1
14 3
14 5
14 7
14 9
14 11
14 13
14 15
14 17
14 19
14 21
14 23
14 25
14 27
14 29
14 31
14 33
14 35
14 37
14 39
16 1
16 3
16 5
16 7
16 9
16 11
16 13
16 15
16 17
16 19
16 21
16 23
16 25
16 27
16 29
16 31
16 33
16 35
16 37
16 39
18 1
18 3
18 5
18 7
18 9
18 11
18 13
18 15
18 17
18 19
18 21
18 23
18 25
18 27
18 29
18 31
18 33
18 35
18 37
18 39
20 1
20 3
20 5
20 7
20 9
20 11
20 13
20 15
20 17
20 19
20 21
20 23
20 25
20 27
20 29
20 31
20 33
20 35
20 37
20 39
22 1
22 3
22 5
22 7
22 9
22 11
22 13
22 15
22 17
22 19
22 21
22 23
22 25
22 27
22 29
22 31
22 33
22 35
22 37
22 39
24 1
24 3
24 5
24 7
24 9
24 11
24 13
24 15
24 17
24 19
24 21
24 23
24 25
24 27
24 29
24 31
24 33
24 35
24 37
24 39
26 1
26 3
26 5
26 7
26 9
26 11
26 13
26 15
26 17
26 19
26 21
26 23
26 25
26 27
26 29
26 31
26 33
26 35
26 37
26 39
28 1
28 3
28 5
28 7
28 9
28 11
28 13
28 15
28 17
28 19
28 21
28 23
28 25
28 27
28 29
28 31
28 33
28 35
28 37
28 39
30 1
30 3
30 5
30 7
30 9
30 11
30 13
30 15
30 17
30 19
30 21
30 23
30 25
30 27
30 29
30 31
30 33
30 35
30 37
30 39
32 1
32 3
32 5
32 7
32 9
32 11
32 13
32 15
32 17
32 19
32 21
32 23
32 25
32 27
32 29
32 31
32 33
32 35
32 37
32 39
34 1
34 3
34 5
34 7
34 9
34 11
34 13
34 15
34 17
34 19
34 21
34 23
34 25
34 27
34 29
34 31
34 33
34 35
34 37
34 39
36 1
36 3
36 5
36 7
36 9
36 11
36 13
36 15
36 17
36 19
36 21
36 23
36 25
36 27
36 29
36 31
36 33
36 35
36 37
36 39
38 1
38 3
38 5
38 7
38 9
38 11
38 13
38 15
38 17
38 19
38 21
38 23
38 25
38 27
38 29
38 31
38 33
38 35
38 37
38 39
