30
1 1 2
1 1 2 2 1 1 2 2
2 1 2
1 1 2 2 1 1 2 2
2 2 4
1 1 2 2 1 1 2 2
3 3 3
0 0 2 3 0 1 1 1
5206 3335 6590756
6834747 7142866 6834752 7142871 6834750 7142867 6834749 7142866
9305 5586 8205494
2794064 6320277 2794070 6320282 2794067 6320278 2794068 6320280
9933 8758 8815970
1071906 6949731 1071912 6949737 1071907 6949737 1071909 6949733
1517 1278 6422512
1349353 4156787 1349358 4156793 1349353 4156792 1349356 4156787
6954 4393 6211412
9177858 2278073 9177864 2278079 9177862 2278073 9177861 2278073
511 210 8680706
5385744 3331778 5385749 3331785 5385744 3331782 5385745 3331782
2935 1691 6420293
6320477 2716449 6320482 2716454 6320477 2716449 6320482 2716449
4805 2541 5286161
6824901 8835626 6824907 8835631 6824901 8835626 6824902 8835626
531 299 9804080
9684807 8628854 9684812 8628861 9684811 8628855 9684809 8628858
4348 678 6307435
7082790 4628200 7082795 4628206 7082792 4628203 7082794 4628202
8880 5182 6955914
7258565 7720930 7258571 7720935 7258567 7720934 7258565 7720935
7873 103 8950259
2240067 2263406 2240073 2263411 2240068 2263407 2240073 2263409
84 29 5372654
8162459 2464815 8162465 2464821 8162459 2464818 8162462 2464820
8553 5821 8434439
2916034 835628 2916040 835633 2916040 835628 2916039 835631
1479 309 9544607
216796 1962083 216801 1962089 216798 1962083 216799 1962089
4713 667 8287824
3689482 4433129 3689487 4433136 3689485 4433129 3689487 4433136
3450 2205 9800855
9770320 7752005 9770326 7752010 9770324 7752007 9770323 7752005
6634 389 5719764
9908285 6767959 9908291 6767964 9908291 6767961 9908287 6767959
5031 3791 9650255
734621 2112151 734626 2112158 734625 2112155 734624 2112155
7161 700 9155603
6117340 8337686 6117345 8337693 6117345 8337686 6117343 8337690
5800 2049 6290717
5899126 5228839 5899131 5228845 5899127 5228845 5899126 5228840
3271 2769 9773918
7323264 2931787 7323269 2931792 7323268 2931790 7323264 2931789
3862 251 5660377
8217495 7289350 8217501 7289355 8217495 7289350 8217501 7289350
7653 3781 5962022
6742837 4971439 6742843 4971444 6742838 4971439 6742837 4971441
3063 2308 5296252
3289899 9580791 3289904 9580797 3289903 9580795 3289899 9580796
9798 3529 5336139
9241831 711049 9241836 711055 9241831 711050 9241833 711051
