22
1
23122 22675 272 32392 16197 14290 11086 20771 22456 12527 7897 26396 7234 18227 19113 18714 12860 3233 12929 32356 3110 20687 12917 21073 26951 12789 7082 3584 30868 17476 3677 31304 
0 0 0 0 0 
2
689 17790 27686 15344 3711 27008 22308 28212 13628 30444 31541 10560 27038 6001 5600 17613 13196 17964 15712 10107 9009 18028 3158 5051 31312 30648 13756 15340 32727 11027 5402 25028 
12726 23934 3836 1266 18673 31679 21923 25857 17396 4961 26107 23168 27432 5372 20685 19296 963 2998 9270 16029 9444 28170 2392 21281 25311 27592 27215 7653 17621 23901 13414 13145 
1 1 1 0 0 
3
11550 31745 21617 6149 21007 4949 18499 10853 32680 20883 22696 14107 16924 27065 9717 28981 1036 20588 29837 25754 22166 29674 21765 3485 31374 12352 6022 3793 3851 21437 3699 31006 
2342 18342 25676 23060 22782 12587 2259 1152 24576 7834 31085 18237 7269 5331 26826 1613 11771 4348 2504 27176 6185 21110 405 6484 25901 271 17684 12342 3753 889 25987 27432 
20318 6651 4186 14028 16951 4454 18038 6815 29321 8779 3702 12753 16793 20587 9830 9812 17759 24175 30875 25139 1161 10713 22493 27429 13251 827 18124 7266 22582 22182 20092 12981 
1 2 1 1 1 
4
10732 16245 20971 10189 11020 19597 30846 19649 27497 4623 22385 22462 12333 31435 16224 25535 16893 8229 18998 12503 30508 31603 22266 186 11822 18087 30700 7295 19536 20526 1745 26532 
5287 17944 21387 9299 27462 15480 8428 19683 22708 29454 25548 9890 24990 7715 30809 29138 1736 14005 16815 23281 329 5588 26537 4414 3832 24396 9974 9848 25378 32644 26479 7145 
3966 16550 3239 16547 31074 15104 13508 17674 12086 9387 22926 10130 12842 17514 1990 24266 2084 3028 8377 25754 10748 7350 23061 1736 8684 15795 28666 8385 28226 557 15700 8855 
31832 10601 11881 2374 20422 30957 16814 11323 10710 5677 2783 1047 17721 9063 27726 20144 31224 9164 31356 13400 23981 27360 15846 21091 13298 6947 18209 20195 17178 30705 18729 22966 
3 3 3 3 0 
5
31495 22865 28032 10108 19166 3558 6584 8755 17635 10394 22923 13356 5859 9759 25782 27842 12059 9925 22804 13810 17638 25747 10341 6928 21656 20374 4943 26554 4777 17529 21922 13067 
6678 4438 26592 11024 23044 15564 31229 13440 1702 17234 2915 12967 4450 16074 17465 2980 27695 11354 29669 15572 7234 17527 22735 5006 24553 6466 5480 24081 27575 28440 30316 10426 
737 868 28260 23419 28392 13752 27246 19336 6776 18205 25664 5459 21393 9127 21867 21179 30948 27212 28637 384 5760 9973 16298 11771 13741 29398 6668 13836 25624 28411 32168 14419 
13873 19748 18450 931 18642 23251 25748 6835 1569 17059 22571 8215 12727 30683 20179 15983 2 67 3588 24799 15591 4151 28797 20415 17836 11513 20288 1427 23062 18764 31710 20541 
2254 4158 12276 4721 15113 21061 5622 14698 9064 18573 20267 15067 5149 8849 6905 12073 80 4585 867 23511 11457 18530 13008 16962 21422 7252 22286 1678 16375 18224 13718 17120 
3 3 3 1 4 
6
1589 24604 8979 8215 28547 9545 29063 30476 20207 22630 26959 19607 18147 30977 5969 5972 23457 556 13035 30587 6543 18301 5861 7172 30161 9049 18084 783 7453 23154 21408 6530 
9419 22671 14104 32244 21036 10892 29700 27338 27677 22945 5451 2975 19164 3047 23606 16874 6682 3607 13092 7386 337 10901 14464 2181 9815 29102 30193 30786 15924 22302 6096 4179 
8241 18646 14559 4808 3889 8956 5688 5023 11588 9522 16259 14384 19834 19739 5996 1481 6133 14875 14421 917 13378 32351 4423 13250 28138 286 20271 10210 1859 22046 26183 13458 
11916 11897 20434 2138 18745 18081 20492 10709 2444 30114 22625 8466 613 16807 23005 20537 11611 7616 7140 16242 5899 13538 27427 24578 9648 26160 13510 2743 11765 22136 25067 15751 
18951 15105 1879 23668 9965 16772 15720 31155 15388 14712 13387 26892 8518 25234 22639 8836 30324 1165 6970 14394 4692 13351 13306 25487 27348 26988 27934 28041 27631 19254 20902 30330 
12487 21493 20184 24796 21237 13228 7733 25472 17437 4924 2987 1768 26053 7397 27660 4593 21351 28170 22463 10676 4804 22068 32182 10415 7804 1882 8863 28960 32476 7008 8287 16050 
5 5 0 3 2 
7
12577 22105 23429 25782 22903 31464 17772 3977 20903 4507 18375 26717 3519 22235 9130 2308 26899 32317 11691 26065 28803 25522 2628 10338 8700 23806 2424 11453 17730 16235 26041 21663 
16876 28094 27146 9488 5808 618 17249 25147 21984 27140 335 7549 19253 503 2530 27068 11980 3961 1227 10746 2414 8893 444 11817 11796 14954 24084 4673 27818 15181 11710 5009 
25108 4170 11094 20562 2415 1689 29582 9602 29337 14895 4049 7920 16883 9849 5158 11667 23909 12112 21590 6175 27299 13866 29777 23002 687 3981 22478 25516 16032 27850 13618 29558 
417 3559 20403 30117 9276 20445 7357 9479 25817 27396 22676 23773 16769 30155 20028 20785 7912 32684 22166 8554 24747 22623 21195 31005 22230 22350 9709 13094 9385 14154 29148 13048 
1180 23164 7015 26673 3488 2718 22964 12402 23976 2411 21730 2925 19816 1363 6124 21823 4444 18036 22993 31489 27661 10182 25074 23961 21904 12437 3003 22230 15439 25141 11653 5309 
17164 3569 26299 16157 8226 18244 6460 7018 526 17996 4609 8903 7471 20091 9472 15973 18122 28048 16464 7692 16721 9925 14989 23799 7653 24138 24702 26853 22297 6387 1525 24429 
2297 25646 7671 21906 27211 31287 7709 15767 27412 30351 12602 24341 7262 11946 32062 5450 17721 743 91 18356 18688 15302 18790 20702 17117 18262 3967 18299 31375 27372 27892 23985 
6 4 2 3 2 
8
31711 32543 29346 9665 4892 26581 16508 27262 26439 31856 26263 1713 14435 9273 31008 8097 12592 20291 5879 19329 30367 6150 5310 24634 19336 10314 24113 8043 7327 25927 437 25518 
2213 9994 6707 13086 14555 32538 2854 23318 7612 21084 17139 31035 25579 18996 30586 5564 13675 24813 4330 13016 6926 3419 14041 30113 4656 20926 13204 19456 10916 12778 8627 13306 
16623 21669 6129 2097 10420 21585 18235 30126 23408 715 16135 32477 32616 9362 19431 12249 23263 26412 9310 26602 1931 5829 22514 23629 31306 22298 13442 14387 13074 25493 5594 32267 
10534 6841 21381 3588 18320 22721 16610 30158 3531 25988 29563 28065 10432 31132 17297 9857 6132 7879 15100 19904 13055 28557 26162 27076 9024 31268 15269 29707 9679 19088 3410 21611 
10675 24590 14486 8607 7765 4531 2116 19199 1589 9809 31990 3983 8668 9114 28576 26171 18194 6280 17003 15201 14416 26364 5056 10128 4216 20645 10146 912 5828 19235 31554 32162 
3836 24428 14029 5128 23021 6255 29065 6344 31254 17656 31776 8878 20644 4308 9532 3984 9889 14645 11347 31701 22120 24664 22213 21304 10588 17508 23332 24266 15833 23958 5842 29750 
2411 10139 16850 10825 19262 6717 5336 14002 726 5442 5538 22790 16128 17297 32139 30471 22793 14743 28254 20005 28717 21225 26984 24133 14674 4907 15569 29122 30455 3632 23340 26289 
11623 7010 20812 7530 26418 22629 20057 12356 7645 16119 29220 22687 6873 21019 21944 9512 25778 9846 562 25944 3209 18937 18898 28222 28612 20160 14161 7295 16900 32058 1909 14235 
7 3 4 1 0 
9
10286 15926 17670 11412 15839 15949 15234 13845 26296 20201 22139 13316 24730 25975 26742 22115 25806 14890 23723 24601 23788 14669 13065 17129 24316 7896 32122 14245 13532 28737 17000 9887 
29410 18580 26752 29793 25025 10950 4022 1694 16305 20039 31625 5480 7370 6614 29320 7330 22193 16537 14101 441 30583 13677 32105 16783 31678 26747 728 15032 17438 780 10838 26601 
13767 5534 16955 7853 20071 27702 22339 9818 12110 31993 14553 15172 25552 9462 4757 21040 26346 10055 16131 12300 11305 8792 14246 10717 12232 28550 17980 8440 21016 8428 23364 3957 
549 4473 11710 14561 31639 15174 2098 21299 7126 18471 26355 15361 4722 4225 19365 3572 28865 31835 27133 10874 23754 31415 4552 3002 27489 802 31279 29389 26004 21898 21049 17963 
32070 27728 14993 13411 13594 21662 3210 28432 32659 24827 4704 4616 22905 27164 5313 2774 25470 4605 24971 5227 16161 15665 12248 6928 13011 13943 1336 7327 22872 12429 61 22771 
24689 6729 11325 26269 6840 30949 16979 32728 26827 15515 31655 7104 15788 17265 22767 10174 17000 32343 822 30023 23799 27759 10716 12230 7780 24748 479 28374 23598 17822 19032 14517 
30957 21388 31305 2293 8248 27844 31637 12149 31175 5167 5968 7056 6101 12840 30521 26516 9416 7054 24709 14454 5140 3864 3039 17860 23133 7401 16044 7642 28892 11365 2451 31321 
10243 5186 20541 14549 3428 30946 32345 19406 26831 25824 3556 14306 5306 20457 17063 28992 13798 1997 16129 11616 5696 12245 21990 31986 9990 19032 15912 16916 28202 137 2805 22215 
25339 7315 3490 30628 32258 27112 1190 18123 42 28629 15338 31517 13605 14939 576 4011 13578 9530 6192 1901 26947 23886 31739 6456 22694 3102 14042 22506 32482 25011 3975 10984 
8 2 8 1 4 
10
4221 15493 13908 7714 14904 12778 21416 19932 4902 28940 12731 30076 6653 6556 24070 26340 10794 26149 638 22406 18790 4938 16325 8650 29578 19536 30626 13744 22692 16604 7087 31927 
16714 18429 21585 13565 3374 13420 5101 1959 32755 15891 27225 24195 20543 9421 11409 15596 11538 28781 17580 8175 11606 29185 15886 10668 23991 27224 25054 7166 24756 31169 30651 26206 
21750 15638 32426 19204 30177 15353 29267 24400 10858 3166 28782 27497 30248 20298 21112 27940 173 27353 4010 16935 10006 9606 31531 15694 19425 1703 12933 11085 22783 8247 20566 2711 
10282 9688 14152 31359 17785 29976 2370 9629 16434 29428 7904 11124 32223 25243 4897 19793 17316 6516 14176 25206 27087 13409 902 22392 28081 12870 22141 15590 21933 6085 6888 10539 
7054 76 9233 29110 4381 16466 22306 32600 29428 31965 29849 16877 7565 23624 5622 1854 6302 13379 13238 14630 27817 22811 18309 18164 30414 29244 24240 15889 12005 30708 12505 21987 
5065 15993 3822 29424 12790 12846 15964 25927 30807 10530 5247 26140 20313 28121 26205 6322 9796 26448 8341 4734 27339 571 7058 11913 7906 16273 4 12310 207 3146 20369 30853 
31108 18024 26055 21623 17708 4916 1366 9267 2564 27338 17788 25416 20844 31959 29632 21364 5950 21154 15843 20165 25438 21065 14356 1278 8594 1869 4963 10300 11156 21585 6264 19673 
14694 29215 14981 145 11238 24556 22137 23779 26018 10461 29303 6330 9709 8906 4486 23885 6707 2625 28554 25156 6537 8142 14707 5404 16008 10873 5556 20428 21340 913 4342 25257 
17432 4008 17166 30087 2892 18655 16429 1057 19674 15972 10839 31163 4869 11576 30487 12293 25035 5686 15728 21827 5237 30033 8214 32171 14700 32285 10207 25614 24654 401 8820 7611 
3649 24843 22860 17825 19592 12948 13531 25267 1364 31333 8198 3473 8924 7595 16347 6500 9391 29320 21375 17417 8009 4442 20583 12659 23013 19263 3787 13898 32403 27097 6744 13784 
4 6 6 6 9 
11
13715 2793 5474 22711 8171 10859 28548 9113 10666 27450 15154 7559 3903 413 24288 18734 26225 4813 30523 27548 20201 13154 11208 7762 3057 10764 14024 18331 27515 19075 9312 27932 
7781 31937 3318 5291 26107 17518 20190 10085 15038 23708 2870 2810 20580 15284 27150 25932 6943 5040 27085 15929 14882 8843 15823 29620 27490 26358 83 13339 27801 3405 15253 29380 
28049 10441 3639 2778 30623 3319 28389 1127 28269 23401 21305 12209 3581 6571 15836 2762 2539 25464 30703 9571 12787 3374 31145 30433 16306 19072 17985 23219 12721 11627 16142 9954 
22431 4459 12781 4329 29662 18158 9955 21704 5698 4873 12547 21076 5141 22378 18066 5329 16734 30350 25706 30914 20322 18484 156 25600 29804 12817 4185 17418 16586 14533 9491 18076 
17688 7438 25823 131 28097 22843 25118 30383 14274 4836 5724 15754 8881 21721 1144 8840 1022 9560 17925 5119 8058 19587 2033 15162 10517 24336 14948 31945 5100 24899 30699 21274 
21123 5657 26582 14158 27726 20167 8159 3141 3191 20066 18700 16379 28123 5600 3030 5912 18518 11327 1930 22210 9024 14084 22768 16566 12599 30439 29739 5527 6431 31949 21984 4485 
20584 10998 20378 5874 27279 22136 29549 31665 488 7404 25306 11344 7578 16999 1267 6568 14571 11180 26559 9394 20414 18591 20704 31901 5209 765 16755 8989 12908 1355 28984 2821 
17231 28172 1267 1304 22412 17207 1042 28444 14749 14824 20879 22833 19959 9814 11288 5473 13383 10245 31086 25976 3579 26173 24843 15126 3588 28858 31239 15874 13786 6309 4156 3265 
25537 21955 17577 27496 5708 3053 3348 21678 2335 17600 22259 8517 3832 12693 20877 14699 19697 2483 9053 1212 15103 6340 3767 3146 3519 4486 18862 751 28018 30915 3380 10210 
7749 15491 8067 14217 32215 19328 23996 24206 31221 16602 2254 25397 25768 30732 22938 30957 18801 7455 8277 29221 10195 3358 29485 17504 14098 6857 12335 4748 5947 2957 22120 12687 
4964 24756 31306 23332 22837 16602 22866 741 18855 5536 20712 424 18188 12708 15495 2831 9296 4784 32541 8539 6526 5169 15285 31617 24965 9707 339 4480 25917 23276 28191 17137 
3 6 6 9 2 
12
20193 30494 31706 27070 3704 27913 25415 8750 14915 1691 27387 3093 32461 8831 2567 18696 8935 10646 3541 6305 12372 25826 10356 32128 5318 27299 14640 13200 20234 26303 870 23435 
31871 16999 18326 32705 23244 28408 29370 22037 4562 22559 22486 25416 23008 16705 10193 25466 21030 4634 7043 7149 7021 22180 1039 31245 2821 30266 13683 9133 2558 26109 32605 23700 
29851 23159 10305 25912 3587 15486 7848 14025 23610 25947 21707 16497 80 26156 31328 2523 24280 24199 2228 24306 11420 9824 21754 26859 13199 20269 7394 22661 25603 16455 16750 1423 
1564 29332 9218 10155 8069 3939 22970 3155 24929 30359 10495 28185 12933 28680 1373 20787 10724 3110 32143 2358 3402 30688 20444 19490 10318 18372 6311 30367 3970 32359 20289 25990 
9196 20999 1281 2211 27322 30063 6807 4794 3377 26651 24477 27335 5351 4509 20591 17034 14386 11327 26173 30275 19168 17130 11614 6587 10024 17990 5607 22147 8929 32035 12925 32640 
25842 21528 22887 32168 12042 20585 23527 31238 28561 10798 18379 26884 12254 20914 26431 23273 12970 25626 29413 13729 22212 21319 10792 15293 4615 17661 17869 1210 6282 27972 30922 19078 
1046 26638 29532 12352 4061 22043 7252 26175 15464 16666 29873 20311 28626 2833 22900 2903 26164 27902 6064 2774 1632 18623 1761 4144 28370 21039 7550 16843 20195 21394 13266 12703 
24640 4403 26887 32245 5275 4171 24196 28526 19360 17701 15737 14408 9515 27776 15031 14557 17336 5173 3270 28012 4891 5913 2097 26908 26481 4133 22053 574 2134 2260 31034 5075 
31832 26317 5265 30798 10412 23746 10527 8603 6432 25240 15688 29279 1105 30920 8880 15490 24606 15109 20046 2283 6748 1567 30402 3210 18891 13607 27880 28316 27465 14804 25261 17450 
32582 5157 5153 25811 7032 27976 1742 31948 17616 22971 21321 37 9644 1713 11526 25422 29774 22199 7280 15577 7565 12695 7993 13441 1994 2940 8943 25452 550 26456 3537 2477 
13298 22659 18912 15629 8296 18341 1593 29963 4760 32469 8865 6177 1444 16642 31074 28233 23856 28818 31574 7360 533 2378 21057 3850 14165 29038 32099 28982 15188 26153 7246 8035 
2373 1838 23542 11907 20194 17824 14855 29279 27232 14896 4731 9436 1186 9861 11115 4732 7085 9696 13093 28711 4444 20736 25728 15916 4692 22851 17772 23683 26939 24335 13261 13397 
1 8 10 5 11 
13
5378 14560 20689 22544 2066 19965 17628 26380 2560 27338 30958 21675 10215 20488 12951 30922 8320 11934 22511 30384 18756 2097 7641 16963 20177 32246 27529 1403 21647 452 5956 31256 
14227 7534 24679 2960 30916 17487 19115 21836 4668 25382 16039 20755 15345 8741 5015 18887 25492 3396 26203 26191 23481 5851 25027 24788 1593 10352 23561 15920 32212 13773 28063 6563 
795 1622 25899 22728 12430 10394 15569 23496 14849 17448 29872 32206 15172 15780 30383 31163 23042 24858 26489 1818 16106 1681 2246 17238 10765 25828 4317 15146 9863 1741 6998 10330 
8546 5699 5925 14241 26551 29190 21972 27370 20502 16760 8208 27587 4904 31406 29543 25102 6035 3783 19792 8953 13598 12412 10092 19505 13078 26873 2315 8019 1520 28395 20978 12708 
4143 29659 8796 17409 27273 23482 1086 22297 30533 4797 14799 20441 17639 30059 21832 16424 1039 32500 32232 10197 5279 12740 1596 16845 28188 28248 14237 12690 26455 11344 30458 9448 
8524 18886 9944 15826 6474 25823 27286 22716 9812 29599 12022 762 26056 3586 7129 13681 23358 7752 21322 10132 18355 27536 8638 20115 31719 12968 922 23758 10755 16676 9206 21904 
31359 18093 14497 2298 26691 20636 24421 3133 10252 9160 24716 525 7954 26779 31394 18258 11496 23916 7037 22560 19619 776 10875 233 20798 30610 18443 12273 16701 29582 9839 31491 
5521 7480 24512 11619 24508 9754 27954 29187 6965 26333 9113 28153 11790 28000 22828 24369 23764 12551 6281 4959 13751 24918 1274 19256 14058 702 21495 24034 13389 19894 32748 12457 
16458 1038 6204 22259 7164 12416 21125 28278 29335 1161 16678 2984 25604 18551 21246 19063 8907 4546 119 22331 10550 13215 18883 1001 18868 7635 27238 15753 7803 7621 26101 30186 
7281 13784 21021 21908 19789 32503 486 18942 29945 18546 30265 17409 9787 27144 14241 14989 2709 31813 32078 17819 24938 27406 17759 25954 31329 5754 16993 18894 12047 30179 16914 11822 
8144 28989 29035 7469 14325 25767 8670 12547 15653 576 29661 9196 28157 1596 2715 17625 29690 28983 11542 9318 11417 15560 30805 3597 3516 15962 1774 8601 10576 11319 12748 8413 
5165 30950 20015 17829 13373 30903 3316 13293 14817 1436 24343 23633 18576 5434 886 25285 4802 30016 8664 23942 27916 8696 5933 81 7308 27420 22296 2002 25735 23274 1706 31071 
5969 4986 13425 2790 11885 5712 20913 18212 11766 10798 20721 16920 22333 21291 3513 29112 28340 4361 24987 32482 6411 22468 2672 8853 5016 30311 17892 25441 19452 24611 17973 18204 
0 1 6 2 1 
14
23705 12956 17168 12332 19357 22130 20010 20300 16439 18669 13082 25497 20794 26215 14946 15069 24404 28325 16195 13225 15844 23132 16174 24311 24075 10739 32125 25869 12294 4491 3936 12709 
11963 9789 25626 11082 18833 28834 7533 31237 8325 2201 19538 8505 18043 7748 26094 28876 32209 5204 1218 4487 9018 3975 18978 12480 15050 8046 29672 3894 21325 25716 31337 30524 
13277 22300 19112 24090 1972 5258 28874 13488 31806 21573 18122 11100 1394 27451 31598 27934 15459 6 1402 5626 3090 21613 22307 26782 8327 18478 26054 1861 19488 30971 23002 13275 
22312 9154 31524 23394 28075 11057 11561 28820 8073 26490 4073 22986 9930 9043 6346 30236 26673 27201 14291 32202 25108 3095 23834 16859 32107 31161 29312 3843 29990 24358 7579 14282 
18372 7862 24052 2539 26401 4512 23411 13050 6799 12734 30999 22602 18217 4245 32746 26126 4708 16272 30261 22974 4839 3468 30448 3005 925 15769 7548 15416 11528 6911 22933 26449 
30936 3712 16258 9341 25532 6365 10382 5418 16760 22172 14268 9894 1848 28935 5815 11068 4131 8312 32520 3744 4148 9172 25483 10637 10565 20822 20004 30892 22125 9358 17838 15032 
8588 28073 20532 14816 22308 1522 25956 17516 11371 11673 25920 6308 2974 30387 26391 18413 31383 24963 29876 21814 20386 3576 1493 4754 10381 9846 20447 550 22526 26586 15823 15942 
15625 27320 9332 11483 14594 4582 1756 520 14224 16959 32524 22029 32003 18337 7923 21099 12008 2872 23969 14921 19162 32511 25781 21014 32667 25219 21012 27248 7267 17643 16865 4676 
2679 26677 13481 13367 1278 27074 9693 9029 784 21525 26246 23208 2065 32216 4148 29948 20029 23071 9271 7840 32643 7665 11026 1887 28823 24325 26669 5968 4675 4041 30154 27386 
3326 31912 23866 23228 15039 11917 32593 4461 29459 22179 24855 30271 23918 10080 12480 28137 15806 16065 5855 14085 28486 1495 10198 26038 426 10626 2449 17039 11334 4221 8564 4272 
3012 29338 24209 32562 24046 30031 29727 18886 12224 29042 6183 19608 12738 17985 6785 3962 9877 23973 26623 3134 8139 17848 19944 13411 31996 900 4520 31221 24853 782 12485 24494 
4596 18579 23829 21601 30258 18193 2351 23961 9536 9 6431 21885 15798 20611 2910 16374 30183 3924 11777 31508 6841 24732 13360 20142 28852 25234 16346 8009 11096 6020 13223 18491 
28340 12569 24878 24849 3892 8410 26473 29229 955 4592 21861 23732 15857 12335 25918 31143 23775 24660 25419 13391 28089 19851 5526 9183 12026 28725 14223 26709 2486 29159 24065 20129 
13612 4790 22340 9 14492 29618 23477 16588 16216 27312 8803 517 29468 17229 11787 19155 20642 4399 26183 15543 10866 30606 20738 14141 19960 2547 47 24287 32472 10816 1978 2854 
10 3 13 10 13 
15
9377 22267 5820 4159 464 14720 14650 8671 23523 4012 21955 2651 5740 31067 27923 26253 15788 26972 8209 10195 16727 1314 24752 4454 19606 11452 10771 8167 24402 16136 1012 3899 
3248 28195 21830 29337 728 14371 18969 4833 16379 22537 20671 1840 6292 17137 29229 15281 29422 1420 2467 23222 23526 5584 8080 19463 22770 27886 27568 15993 7010 32133 17015 28611 
30950 23061 29106 9870 19793 8118 20588 4811 10652 30986 1550 2121 29742 19824 19659 18311 24154 28794 13115 18631 21290 26018 8518 15715 17243 3128 9284 15204 29352 18335 18018 18257 
10828 30649 30024 12357 29890 21920 15353 29252 18127 2199 21498 4815 14786 1856 20918 11190 15099 6415 28705 6190 21674 3070 16284 30755 29657 29314 15385 32208 20397 32190 3711 14732 
21992 18423 32080 22503 16563 9033 20617 1525 14747 16536 11465 28650 11737 17097 10678 3559 14294 4657 10140 13076 16878 1101 10328 4847 18036 11188 12149 12516 20727 25675 28052 28189 
9412 28600 15121 10651 11436 13849 9699 9862 6152 32501 5828 11457 18682 13938 20883 6082 30709 4809 21750 18337 12415 11768 23875 10350 2869 26551 3745 17352 18704 9132 2666 4267 
13288 14306 29652 30090 26678 8056 10193 12446 27678 17814 11315 6781 14253 31909 6676 30446 4703 30144 1909 18428 27108 19557 13349 22345 1571 31345 32229 27045 16000 18507 24521 20703 
5210 3423 225 20443 22232 21710 5657 1253 13286 14947 7006 20037 23162 5066 10242 23828 4636 14844 25186 27214 27557 1790 22214 16936 28487 23499 13704 6563 27597 17039 15481 25185 
19236 277 20352 4279 4123 12163 1156 2053 24935 10053 9868 8514 17898 24135 29733 32731 30261 615 7429 10430 26443 26922 17133 4017 29351 10157 468 3817 16257 26335 17217 31960 
20814 18414 24825 21574 24454 27903 23258 8867 23209 31266 9223 12444 17028 8837 19269 6380 12721 5608 677 16757 16989 25168 19044 27279 12365 7680 17167 18592 23587 28069 27370 23533 
5086 15057 19091 31407 17569 11946 21731 16746 31157 17636 32277 23930 19664 2796 20010 26094 11160 24422 29323 13978 5731 17882 4849 360 15425 8874 28034 2543 6204 29512 32317 16199 
29662 22181 13719 10267 29428 31213 614 21759 3218 15729 13055 19716 5463 9701 29083 10378 16114 28107 24576 20054 12517 19247 5725 1765 7817 15765 2421 23039 32339 30768 7167 27279 
18005 15444 24397 17585 21000 14382 18221 21005 21832 15795 21773 26724 160 26070 32354 9832 15048 29694 21066 4817 4972 3511 8815 12717 21295 6823 13103 1015 19696 24773 14075 9580 
21580 12485 6397 31898 32100 14038 23294 12602 2528 17296 2694 23743 10036 8488 4421 10543 25121 18663 25777 21042 29567 3290 22769 15465 19003 2506 6906 5888 30364 30062 5624 15239 
23242 7392 18415 16381 17552 10062 18850 28462 21601 28914 3508 6976 21913 4676 6925 32392 27654 26478 18047 7842 15015 11264 12201 26048 26547 32485 1308 26178 8669 25238 21437 31879 
0 4 13 10 4 
16
7933 29409 3218 21203 3008 11485 22796 3161 22416 24706 30746 894 28283 15098 20040 1643 12945 28769 28763 929 4576 18910 2276 10558 14498 24339 15381 2427 13236 32440 32212 26746 
5962 2690 3598 5951 32226 19018 3918 32764 29558 31339 27534 18321 8438 6508 31565 10323 19445 14559 8929 27148 32419 21896 23055 6980 27643 31426 20953 28607 25661 13599 11415 26695 
28063 6223 31817 10156 21823 23619 31532 6408 19549 21905 12939 19271 26055 19739 984 9703 1940 31468 18427 23293 9493 10338 30954 14969 21769 15762 6522 19114 6160 15848 20341 18949 
25443 30734 25580 32290 17345 27919 7630 29703 11437 12989 10938 5545 18390 21840 2578 14512 22743 31823 11857 2683 2336 22196 18590 32100 12340 4683 29345 6981 27670 25179 10901 24891 
7677 22920 21918 2217 8015 6904 15453 24960 17101 9909 13762 8638 30219 17746 29730 20021 5924 22226 10378 8334 21163 2245 28754 3725 7653 14260 16629 22167 8501 32703 17952 13681 
9943 16517 26120 10570 25041 6212 24577 26108 8487 6721 14669 24207 17231 17515 27697 2046 32228 30779 3406 14654 19871 31454 23343 19581 8834 16534 27679 26024 7254 1886 28221 559 
27480 1229 11730 13836 10544 11068 21985 14850 15906 18987 7936 12066 9864 3553 24679 15252 11392 8787 14151 25748 27106 32071 14429 18875 9845 5049 24518 9600 26210 32382 13077 14078 
15592 21031 18851 30968 14162 11816 12070 18970 29734 18234 21637 27265 15008 28925 747 29310 9822 27362 1307 9879 15197 29768 31491 19663 30244 27621 2963 26408 11327 32360 26831 30565 
20719 10332 23075 12308 29216 3920 16631 14028 411 30261 19332 23476 15997 20743 18918 27204 21224 15280 22898 30544 31224 22569 23113 20546 16889 22498 25389 28583 16087 13412 10132 6893 
16597 23349 1019 3434 25474 20731 9341 21665 2282 4069 31140 16833 5385 9543 28543 5231 32133 21124 6901 17093 412 13617 20824 667 7770 14967 24126 30725 4880 25017 19340 11548 
2563 4727 28627 14082 14689 2419 14048 11296 4217 8466 22670 20402 17706 30980 29151 5766 21916 16679 13387 26880 21039 11177 8024 18018 945 19054 30827 11594 16852 23473 29918 28029 
3551 18925 19026 18146 17827 25342 6471 31186 689 2691 26090 11407 31178 27528 4909 18961 28311 28002 5149 15881 3994 28633 18289 12832 20069 4749 12638 12415 2058 2962 1971 20373 
4562 20830 17441 19220 32306 7141 12506 11837 11770 258 9055 29534 464 12313 22930 15513 16349 4347 11539 2534 454 18953 4297 4187 16094 29085 3263 5804 18074 28325 11314 31470 
16197 19601 4584 17824 31988 1648 9923 28139 17597 3413 5781 13097 20516 3584 3894 12197 9430 14778 30164 2209 5274 5761 1675 24478 31108 6757 4661 26839 619 5682 20100 19215 
9118 13135 27726 11404 32723 2278 26663 4452 23904 3141 18741 28407 31662 24709 16960 6333 23786 18793 26889 27202 22525 17800 30685 21102 1727 5039 19817 9226 25703 10113 7888 20352 
12359 20832 4091 27106 26806 7569 9777 9518 29261 11930 18663 7633 16214 5871 17625 8553 2945 30158 1369 21199 32729 23400 30695 20309 21239 14401 19971 14668 14709 23513 4415 19402 
6 12 8 10 4 
17
21175 22022 27091 25066 31004 10066 10942 31236 13448 11560 10034 14339 18611 19821 23122 25621 28775 24018 28890 11924 14052 10154 3494 29309 132 24057 14196 31781 1691 14797 21482 10279 
19105 12497 21467 28321 17555 31263 29894 11936 20630 21846 15263 19928 8158 18412 3282 153 12494 17606 1414 19966 4704 29190 31262 9320 30408 293 15878 4650 22868 19777 6316 30342 
15255 13240 3020 16089 15814 23285 20209 1042 5730 23434 9273 7272 11543 32639 27224 30029 23781 3050 4063 18845 8573 18624 19391 2076 13294 15083 16136 32287 23168 17565 25591 6793 
28640 8163 28208 23801 25982 26493 72 17730 17716 8685 23174 22300 30248 718 26347 1561 18675 22119 18031 7642 3843 19328 17294 31362 16701 3956 19971 9579 31207 28808 25556 10776 
17862 31355 2958 14187 4227 16735 17362 24856 12372 20135 3088 5466 21720 25728 27283 6885 23874 2917 5054 11035 22969 7661 5781 31874 15359 18152 12927 20854 31569 9643 14921 24347 
12175 3240 10351 8342 26525 3650 18583 27261 16137 19423 6751 21131 30446 15166 20824 16281 5656 22027 5714 13769 21608 26544 28123 13061 21882 28015 26626 12200 30342 15533 32097 6010 
13188 25489 15706 20194 26516 30670 12704 6231 27804 18365 6905 28184 24115 8623 27459 9245 958 9601 8373 26189 9688 21617 26216 26353 21240 21295 7702 20841 22349 4664 14113 21789 
27629 20575 30423 23735 24879 11180 5620 17808 18517 13418 22376 11111 24687 13948 31835 7257 19068 11504 14703 18701 18641 5079 4421 1328 3519 3155 14402 11297 23920 1777 26003 15853 
1810 26681 13678 18557 31031 23428 155 28942 30076 18446 19764 12770 10089 7244 15529 8245 8857 25472 6918 20083 3099 22922 29561 7848 29463 28929 19983 6456 7349 32642 31422 7120 
18234 1096 3496 29852 10357 15613 28830 15803 11097 31952 11747 3312 12523 31176 22579 19354 22623 1112 13316 19174 4733 23859 1548 26691 1098 7521 11011 22038 31973 25747 23722 23727 
687 16820 18444 10108 15278 2496 22788 29309 13620 4313 24319 11256 20155 31128 28419 24174 19476 3745 9969 30413 21185 23162 13831 15079 22175 29085 20136 1059 14792 8907 25952 4723 
9143 420 24867 2950 21421 32629 8405 31294 29268 1617 31248 25188 9890 19043 5409 15515 29185 17794 19027 28306 6061 4358 25713 4990 4957 4570 27782 10440 25381 10963 25319 29442 
10395 26944 2419 12064 25913 24515 8986 25573 22018 9055 19612 26523 12904 7889 21139 28167 21102 12324 10420 12956 10 17536 26194 4847 30669 26179 27683 11627 23749 29010 5959 22598 
9123 25010 9606 1203 14617 28754 11994 25178 26502 29227 22573 22277 16341 11659 9059 7836 2466 6574 155 10067 32415 15503 1202 32290 21815 6909 26889 24438 24177 28401 14473 16422 
15126 6175 19940 25256 27670 31435 1821 19589 16936 16606 21066 12298 28849 12601 30617 7744 18407 4425 17553 5407 23094 17628 31898 15871 4323 8243 12992 28751 29679 8280 28852 19593 
10558 32178 20243 869 28408 19670 25323 7502 5424 8608 9340 22034 15043 26755 13115 24797 20867 27165 6941 10344 11669 11534 32529 24430 9240 10763 19662 30048 32007 1582 24016 17241 
15457 18320 10653 1364 1671 14362 27981 29597 9189 27288 27721 4229 26580 5647 11859 32346 32447 15185 24263 29078 26501 18638 12576 4951 7199 12461 28349 26639 11651 9500 4582 3709 
14 15 11 3 9 
18
4672 17738 4698 17808 13807 31548 2763 5548 136 13544 12959 15331 24590 7703 25873 19150 28612 11214 11938 6720 28738 1045 9670 3370 1481 4860 15325 28347 12500 28896 6756 10955 
13551 32235 24685 25977 25036 22234 21580 13843 29332 1795 23956 2359 30587 7062 23362 28216 32151 31779 10807 21443 26866 11356 28652 30659 13534 23325 32097 3713 3720 25257 24150 25872 
32208 7735 26814 744 4184 14509 24689 3793 15067 22699 801 31491 25793 19915 4239 15499 20976 8999 8958 4592 24292 15132 27624 7447 17154 22606 10481 21604 19753 14316 25881 3874 
20107 8502 23093 12581 10171 3644 1696 14765 11270 20968 19246 14734 20231 24382 9569 29838 20598 5603 23008 12815 23105 14300 8996 238 17630 27801 14453 29354 30175 30002 16661 4553 
3271 30192 1979 6007 21020 30991 578 9329 7357 3778 419 289 8566 11896 7713 10506 24786 15710 13251 9575 10032 24101 775 31503 21273 28165 18901 12188 21969 21250 26802 10700 
8748 32622 26678 28968 32163 20143 29376 4323 26535 8002 5736 8708 2870 19968 25397 16584 28331 30368 14737 28993 21978 7550 23801 14148 2652 9882 7929 25986 32296 15844 13912 26613 
31843 5303 5776 3454 23674 6307 23424 5324 27501 1903 7525 127 32622 1118 16647 30349 27050 4786 6192 12005 14951 6511 26210 13651 2895 21601 7625 676 17419 22112 26735 12554 
3348 211 20911 20418 25798 5235 9196 6643 2743 16210 20099 5338 13638 19483 26621 22820 17783 22171 8330 2971 27902 10624 14507 18693 31385 10593 20526 2377 16547 28927 8543 15828 
18919 715 31869 12091 20658 13224 5995 24098 11308 13041 1448 27484 10215 21438 27777 19284 31161 31587 18309 18603 18887 22842 20794 6690 227 19363 25614 4027 20760 5704 26512 6939 
11394 19878 7648 14131 7779 7113 25956 29471 14964 16982 17085 9294 5753 32207 18170 996 536 11795 9739 15196 28907 26660 4472 9330 19156 21805 11091 16448 5777 708 9579 10663 
12944 2156 24770 1776 4100 9822 8513 16051 9272 16777 10667 29688 1059 24791 21456 3485 24126 4018 30979 19704 18066 18887 16077 14268 2325 21513 7139 22817 30262 9977 10582 7743 
23991 20005 5130 20923 11195 24815 17001 31398 23584 30864 600 8866 14350 18269 21354 18247 4560 13640 8532 31429 29411 9641 674 30666 28749 19007 20392 11430 6448 10097 9658 429 
13215 11738 10912 24284 15280 3333 9284 13504 22739 9077 14510 3220 15714 12265 27186 25514 9337 10206 9192 22028 25095 22356 27229 23650 14629 11733 1160 8470 27815 23732 12544 12471 
15857 10899 15212 2459 19981 8231 1594 20169 5370 29248 23700 8725 25414 19715 8335 27021 8671 25722 10662 1044 17446 28240 26472 12621 8261 26837 7277 12475 8642 21320 17806 23590 
2645 15190 341 16704 13559 17374 2995 32392 3900 2295 8689 26479 15586 1332 25321 13241 6570 23591 32630 15911 3430 11811 20265 5715 26196 22854 7486 27099 11690 19383 16846 2241 
10866 19245 23366 2322 1688 21937 15383 19910 19010 32676 24751 29928 8543 29443 425 28919 8067 29674 5696 20875 30194 3671 23306 32571 20475 20785 12515 28351 18823 14985 26662 3922 
13297 14623 19492 30810 7448 26408 718 6731 19635 25166 5301 30409 11237 25849 12597 9229 19218 1229 748 8073 31216 14964 10353 13263 9697 5789 9539 30127 29312 18500 24320 7327 
16505 22580 31448 14945 5791 15819 12096 5599 8504 12542 24043 11610 15259 23964 2550 9155 14334 23511 32355 7529 22921 4608 14536 20437 13487 25490 27720 18674 27069 20850 12483 12658 
3 3 4 2 10 
19
21283 29910 17994 22137 24507 57 27874 29610 4983 2132 6883 1519 14864 25995 21619 6372 10373 29046 17174 19724 26137 7129 18130 13415 26266 19415 8849 23879 14825 24930 18374 32607 
21687 27382 1363 32541 22157 25479 7595 15162 28943 3256 2099 22671 21633 14669 25071 42 17802 7139 20826 17313 16440 28126 24981 7078 19525 676 6340 13532 26265 6921 19894 32489 
9231 3337 196 12749 29052 5053 15355 15730 5358 23432 15997 22403 21553 7826 30500 7042 25752 25975 4713 28949 2041 16448 8068 11425 31482 2962 4309 7706 6283 5669 7043 538 
22196 14968 14947 2352 145 16579 22555 27002 20891 7470 25735 11894 22056 24128 22875 15125 13622 24474 29194 12817 18276 5349 6887 14465 8001 265 23434 18091 26313 11679 16502 31513 
13869 13994 2041 9199 18387 16001 5715 29307 11678 24080 29978 3342 27503 25920 25052 29450 6892 32692 12295 26429 31872 4534 518 21613 6562 24945 7597 24628 23643 24672 24535 8207 
16386 10502 4941 9393 32587 1248 12010 20381 25472 3736 16125 9971 6413 17531 32239 7050 11586 7981 24614 30016 6485 155 5928 22926 32422 3890 20484 8288 30791 20815 12526 27427 
9660 7414 23081 12831 21247 12230 28202 15367 25032 812 25850 13262 22538 12504 11996 20669 14273 31597 27184 17603 1003 20349 12439 25868 5844 20660 16216 16596 11671 18259 32514 6782 
19682 480 11859 30432 25337 32540 13401 14050 19198 29750 24023 28487 5487 830 2538 29386 14832 13788 2540 17005 5707 4162 14489 22542 24245 20575 3184 32571 25427 11606 10588 12359 
20220 11054 13716 8605 17217 22219 30144 853 30122 32285 29789 6405 12867 14487 14434 9690 26455 21475 20260 24295 7804 30932 11639 22460 1743 7324 11286 7483 29825 4671 9029 29351 
31123 20551 27060 25854 31709 16058 15015 10377 27733 8521 18260 29873 910 29130 30604 21012 10111 16104 7582 3800 24198 25369 8569 19775 29613 10193 26384 24700 12331 10486 29699 27590 
20014 3219 6267 30634 2263 25296 8021 29093 28038 16930 18820 18930 21081 29631 6320 9121 5615 17493 11555 19177 3186 19707 15078 26047 15828 18536 23079 4775 22872 18530 14046 27083 
597 24442 25521 5194 23095 4855 21524 28114 27590 10512 16820 25713 23467 10078 278 2728 559 5520 2427 4034 21063 22625 13320 4707 12750 14535 30243 356 10001 27501 6944 32478 
32656 11364 16669 31109 21507 17174 7466 28728 3484 635 19118 5078 20620 6543 10758 15186 28616 18435 4718 24074 19981 19250 23333 2132 20513 5976 32716 32346 17501 12542 25615 297 
25448 15033 31368 27140 20037 2836 21216 4094 11664 24267 21304 11208 22020 31546 8391 11719 5697 21780 31684 14953 4556 3928 4742 16570 19800 26241 4074 24370 20548 23550 26869 2769 
32612 13793 11706 11375 5380 9947 24958 10317 23082 12904 7707 1007 1308 8519 1698 7726 24866 6701 19780 11657 9101 12986 20595 30908 4600 3244 4932 32148 24014 21331 5400 31233 
22797 11589 19579 2925 26697 30290 18764 22604 22003 21946 16927 30708 27355 1182 4319 3247 28660 22709 25272 17423 32087 26432 7987 12674 14987 21568 19107 14118 29700 8678 26561 28895 
10729 5195 7315 21926 31771 32097 7826 804 6002 1322 10763 26495 2122 16935 2246 15732 5694 13844 27622 3750 3379 722 7440 12341 6041 27557 19151 28051 3565 30367 29751 21907 
24450 16988 14281 24003 30850 25584 2455 20476 18735 24862 5289 13879 21103 6859 19358 14498 23432 15281 27798 8692 13608 32600 31824 32253 11688 25922 31888 1665 6801 9318 25028 21062 
7008 29409 3046 31340 31110 30183 18084 10749 18867 28159 5311 19397 12884 29552 19121 19044 31579 22262 15506 5793 19262 31418 828 26625 13634 14209 7342 27545 31993 8740 27566 21792 
12 1 1 12 12 
20
9006 9729 16462 11141 5174 4374 5072 1281 21759 2885 736 25917 22858 1953 2390 6525 14048 3100 32618 6894 15561 15344 2690 3116 2751 24894 4168 12295 15587 14837 24576 15751 
32686 3062 1561 13614 8233 17526 32257 7036 27745 9891 13886 15545 30741 19850 6843 24046 6579 1336 6495 32565 13187 16159 21732 4914 7457 9660 31207 20450 16688 4983 27195 31891 
17229 28875 12931 24884 16962 15782 32256 15055 2684 18963 31911 22868 19648 25110 28535 19096 11545 28887 20233 13981 15893 24323 16489 20756 15408 12400 19492 1056 7569 9472 2978 14429 
18932 24775 16566 24097 3816 24432 2932 7170 9274 14044 12867 18072 21681 27917 12339 1412 7931 25923 32144 18864 25320 10340 18103 30937 28374 3233 1320 29259 365 87 11997 20716 
5004 31795 28634 3708 32386 24730 8710 27675 21122 16968 30521 17420 29009 27191 2454 10424 16706 3266 17947 29942 3172 31754 25974 12681 24570 22937 26394 29674 43 2885 17043 6729 
17403 30551 17174 2254 28026 19437 16733 19492 21051 21917 12210 17720 26632 10587 11337 16958 2516 9629 3538 10486 2289 3773 7759 5677 24196 19102 30755 5766 4405 32658 14700 23674 
9003 6779 403 6046 7223 49 27938 20772 1103 28196 981 29093 25151 20035 19699 21534 4763 540 32222 2616 2808 26948 30441 13772 23899 9977 619 7078 4082 27398 2578 21385 
7426 16871 13945 14708 12065 12334 11516 1060 28069 7461 24523 9434 27996 20661 9277 21598 6526 2182 871 28996 10463 26728 30958 4974 29545 18930 5145 30930 15306 12136 12074 12157 
16746 24034 12527 8408 11936 25259 3220 25131 14117 2024 29627 28255 31433 31866 28366 11528 100 13093 20372 27299 23824 15601 12803 9755 23445 8912 32598 22419 14373 642 10079 5215 
17482 29366 1053 13395 1820 29298 7057 23617 11703 26548 13262 4541 24556 29018 27984 15395 19767 4159 22414 14044 1521 27559 13266 22748 29895 13533 23113 5487 3179 28186 30038 6710 
32137 6313 1836 3692 2301 3657 28060 22382 16963 2515 22571 1659 22063 8988 25704 21432 10718 16925 21629 19063 26092 19793 5123 2744 16871 5983 32539 17392 9220 20473 8122 19722 
26897 31748 21828 32172 26795 14585 6749 11451 2481 20363 23804 30753 31481 22922 7360 14798 25665 32519 17288 19964 9064 3769 27710 3768 27102 30111 3059 10398 20057 23015 12593 11492 
9929 23823 19852 1178 16015 18762 15739 10543 15593 11813 614 17976 20401 12394 25344 10349 28232 4420 26071 7668 18637 12453 23082 11235 14226 3813 25338 15616 16080 4524 14435 11723 
31385 4113 4909 22974 1807 27139 30367 3539 14548 12008 19603 1095 14785 6021 2000 19869 24027 22302 16531 19175 17538 2014 32623 7489 6636 13945 10839 11934 3282 20751 18426 14279 
19561 32084 3407 26528 8852 6638 26992 4013 32344 28446 939 31190 656 21155 24534 19303 27874 17115 7396 6491 26865 15660 438 4570 9172 21410 19507 24320 13256 17881 30363 9952 
10273 8478 26392 19657 21895 11217 15767 22472 12894 8205 13269 8813 22406 31116 17341 14290 31045 23236 2033 474 27777 19798 2727 11447 3123 25001 30390 25519 4888 29138 24304 19231 
15786 3000 4019 23488 18510 18037 7867 809 7631 1791 11578 11669 18955 30727 4139 7399 1260 14625 21219 12523 27034 2342 18409 1247 11759 28630 7175 1586 28204 10946 8097 26763 
24810 24938 14918 6925 1875 25762 15493 8922 11665 32058 1026 32469 20359 3549 9673 30893 13759 3130 4833 1815 24228 5474 27429 9562 2034 8561 29263 17425 27754 6769 23382 14124 
2506 23163 24058 17721 764 21791 19100 15330 29326 28679 4180 11702 16738 20182 26942 15660 21927 5718 8468 6372 11783 27347 10754 3377 15650 11714 29621 20181 6460 16039 14518 25355 
21554 17205 13814 18635 4019 15030 170 18249 8620 24749 28248 1471 23812 8890 17202 20588 21130 11711 6820 11996 7724 22081 15913 12139 5225 24593 24162 3077 25609 26923 25193 3119 
11 10 19 7 19 
20
3117 6740 12823 5077 25718 32312 1656 17366 17745 8271 3190 15954 15547 24760 17799 22905 30836 25921 29456 30894 6053 13438 5417 8248 16326 1816 18081 28987 30911 17256 6721 8679 
5197 22340 23893 17904 9384 25625 25449 31550 18019 28986 16209 20197 16787 6264 3436 28247 17971 24819 13097 30937 18375 15408 14281 1331 15424 22891 6759 12204 16928 17198 18742 17461 
29150 31522 7691 22757 24204 2086 1051 27813 2487 10910 11013 24109 20111 11021 27411 20271 2119 30439 16060 18385 30655 32672 30062 11873 11361 4105 907 26436 29769 3036 5042 12592 
6056 19861 15679 4508 25450 5764 1045 25972 18198 17697 1435 27152 2550 17823 30468 21095 23417 28868 22740 15488 17109 19703 927 6954 12784 26011 29204 26605 16257 11419 27707 12608 
19570 6726 30715 22780 6282 32606 13023 5905 2632 15723 31002 5240 11794 22869 32200 12905 12431 7218 14454 20941 22609 13917 19429 12022 17079 6344 18955 9614 26641 30867 31067 28877 
11014 12509 32582 15343 30515 30426 5122 5862 13077 5157 9098 9036 2345 7000 32742 3483 19537 19163 2220 9888 31610 4601 27591 12589 10364 27705 25463 14351 17985 1771 5529 63 
8746 25857 30761 27485 3246 29984 24325 24153 30021 19959 5875 116 32132 1232 12774 26215 18313 21092 26749 32225 921 31220 13517 19767 264 9877 2656 23383 18009 13004 20349 21503 
29863 3674 31658 15404 31300 13913 32624 19156 22687 29576 22878 14807 363 21220 31825 9012 3837 3192 27378 15992 23542 19573 11391 4733 15907 4741 32463 28496 26785 7005 27024 17523 
14661 2193 5844 10053 30010 15021 5324 7614 14572 4481 25810 351 7973 1724 31661 3689 25462 22205 5905 29518 985 11173 3174 29797 9620 32433 29898 30689 16737 9159 23129 3588 
23243 13134 19116 18832 18139 17987 29343 31871 17908 14473 10072 11507 29948 25985 133 22128 22972 4827 26596 19273 3722 32172 16905 19032 20773 15808 5212 7410 30944 29489 19553 20762 
6147 29240 3132 25589 19566 24900 8308 28799 895 32073 759 13947 13622 30811 3934 3504 23191 9851 19571 6482 9040 27825 28400 20415 11932 9819 31114 10860 19303 29892 7726 4638 
947 11512 17547 23389 30522 22487 22992 26405 18773 30825 19895 15328 9756 3185 24770 10897 8911 31557 10180 21586 32117 26332 26788 9216 32706 4905 13406 4149 2366 22439 25162 14710 
1188 20278 20641 14510 19592 14885 3645 12763 17213 18064 20896 32520 8694 13036 24888 1915 17195 32480 20706 5935 27711 7766 14508 19077 23135 25299 18655 25142 5805 3843 24381 5004 
21918 18585 391 10450 26016 23638 24898 1545 28929 2150 19643 26076 5900 16627 12617 25302 8309 8949 4818 8403 21239 2375 7312 10932 10299 30720 12053 22615 27644 20992 3981 20679 
1385 3273 7236 31919 28618 22161 10856 32021 9831 25237 28943 31300 1957 20399 9595 24330 29555 23851 11421 21540 10468 25047 1497 4087 10013 14681 21257 20097 5490 7109 8644 1422 
30412 4975 23008 10543 11342 1278 30005 5224 2872 32194 25764 27177 2571 15432 18009 639 18670 10027 20812 14348 31056 9772 6670 10677 26831 4485 5314 17562 13144 11131 30825 10827 
24720 22579 26468 18233 28787 1990 307 11626 6971 1687 16771 1905 18564 10213 20584 14238 429 32412 10215 30578 25473 6257 12983 2901 21271 28461 18504 24203 31222 1097 10757 7013 
19837 23228 26071 5044 9603 17169 16874 3459 9786 11708 5555 18438 345 30638 13362 19661 21114 25895 19316 24893 6848 16076 23901 11329 8126 17657 13732 25661 12692 27992 287 6468 
7259 7859 27201 28554 18628 24326 24289 24092 20475 10201 25404 17870 1746 21708 5694 29813 17435 24692 19197 26711 26197 25445 23431 26592 23692 2448 6365 16791 13946 29136 31807 18512 
32754 11199 32170 24482 27519 18382 13216 11419 4168 11669 8231 16051 16182 11367 20244 17663 13145 31274 10633 9127 8584 5221 8893 32154 27464 14235 8699 1664 30960 24792 19950 12529 
18 15 19 20 19 
20
11664 20399 27242 13031 31640 13947 5276 9423 12198 27453 14545 20732 16369 24097 19989 15265 9204 23687 4311 444 19905 29959 26338 32061 19864 23730 16271 29802 21432 14747 17464 22658 
1141 30359 27887 22432 21131 1088 19824 17891 21426 11072 11861 8652 17267 21452 18057 14311 10297 26222 10495 10670 20139 10760 15012 23466 3897 17174 17554 3803 4597 14387 30342 10586 
1189 8159 28052 29245 30486 23423 4889 17595 20915 933 26610 32401 6741 27026 4075 11683 31581 20985 12666 16615 16641 19718 32174 16511 16611 20383 29794 20773 24552 29162 14518 1740 
10823 30479 2496 19076 12768 575 13182 22431 9936 7413 3087 5138 24130 29307 20771 18462 15239 25777 31153 31023 12138 24074 20456 27652 16829 1239 26471 4624 22840 13256 17328 26144 
13700 23471 17114 31807 20370 12936 8327 18646 5169 21431 9494 25368 11488 13712 21786 18077 19168 6172 13578 22605 10382 20762 30010 12928 13552 6469 6665 31844 7566 16085 29788 20638 
10883 24904 32332 30516 8403 6754 28700 30378 7935 14451 8558 16491 10199 28120 2742 31851 20368 6596 31470 14347 16150 3649 21900 31805 419 30577 27825 3816 20625 18458 19363 25486 
20845 20321 1405 32556 31308 23510 23589 21345 4194 4017 21375 21715 29904 19035 1248 20687 13246 19249 18118 17967 2474 29060 31942 17793 21247 15844 9157 7269 6634 30878 28267 20535 
13929 8579 1493 11246 13477 3307 17034 25924 30081 20986 29105 7448 15731 28194 31361 16144 9619 16873 30712 1154 8945 19181 6864 7829 6188 16165 26543 19363 9536 28009 9630 23522 
10656 1845 4284 26948 11397 14250 9523 18075 8069 11221 5740 27137 12135 28724 18047 22135 5942 18294 20974 18636 10644 24195 914 11201 1105 444 17621 5994 8764 14212 24098 24535 
16185 25599 7066 30452 17044 23065 10761 9646 9109 32203 16408 24663 31829 23450 26564 14924 16079 22880 31758 15573 16442 25678 12020 9548 3735 16434 11169 20098 17542 23542 10465 18782 
20317 20329 32727 26823 23419 26179 6898 17604 23258 23651 20765 30946 23012 12122 310 8663 5768 10541 450 24164 3468 2135 14559 22400 29221 26894 28793 5042 17349 21447 15041 6591 
30260 5372 31451 9861 24546 16941 26071 31271 25212 4133 4067 106 445 24190 22975 22623 23687 7271 21105 32579 15410 27301 24889 8867 11812 7896 19399 24003 23457 3072 27820 26177 
5093 13375 11791 27638 15472 18401 7329 12317 7074 5529 9939 6071 12679 20493 23622 15662 4852 19605 16770 17720 31443 8000 3052 31486 1467 14361 23026 30590 19396 26024 15241 22573 
19609 24763 7897 18657 25038 17766 30006 25839 11124 7496 9299 13200 10987 24336 6066 17290 32760 1856 1631 10764 31767 11825 16606 26841 19 16215 7010 32680 22483 13767 18496 11467 
2167 502 13986 8464 17572 31940 18816 10981 31515 3001 31436 7359 13201 23182 16109 29372 11707 19951 15471 31623 30376 4991 11257 2172 26707 29469 29823 26892 18297 17766 22456 13667 
29608 13178 17107 11337 23961 9219 5990 10310 14271 31092 167 28682 5408 1423 10462 26123 27236 22058 25370 23408 9515 16178 7459 2606 19876 17904 11697 31345 26204 20875 21211 22333 
32339 17615 29906 30293 10581 25900 207 5980 21127 13058 28746 7738 7489 5916 20589 19649 18459 2426 24008 16273 17995 5459 2118 12856 814 24154 29536 20126 1060 2881 18064 2977 
23713 14715 25097 24316 10369 24135 19365 18029 156 14570 26655 27671 7579 14907 21634 27173 7434 1381 29665 29104 7342 28137 1353 22754 8216 5858 22004 21596 29818 6029 25535 24534 
1722 18696 990 6661 24517 8538 25039 6082 15142 16308 27276 29288 27607 3575 30725 5502 854 7029 20685 3990 28412 5372 20500 27252 32651 32273 18901 20083 3846 3961 32592 29989 
14533 24318 14267 12090 22472 13423 20789 419 16204 12265 24059 7671 24988 9557 8670 14869 22826 20786 1013 2827 2014 19093 18575 26422 16558 22125 10091 21419 12143 12 4652 214 
12 17 15 11 15 
