3000
23122 999983
22675 999979
272 999961
32392 999959
16197 999953
14290 999931
11086 999917
20771 999907
22456 999883
12527 999863
7897 999853
26396 999809
7234 999773
18227 999769
19113 999763
18714 999749
12860 999727
3233 999721
12929 999683
32356 999671
3110 999667
20687 999653
12917 999631
21073 999623
26951 999613
12789 999611
7082 999599
3584 999563
30868 999553
17476 999541
3677 999529
31304 999521
8915 999499
17273 999491
13606 999451
15858 999437
16384 999433
689 999431
17790 999389
27686 999377
15344 999371
3711 999359
27008 999331
22308 999329
28212 999307
13628 999287
30444 999269
31541 999239
10560 999233
27038 999221
6001 999217
5600 999199
17613 999181
13196 999169
17964 999149
15712 999133
10107 999101
9009 999091
18028 999083
3158 999067
5051 999049
31312 999043
30648 999029
13756 999023
15340 999007
32727 998989
11027 998983
5402 998969
25028 998957
12726 998951
23934 998947
3836 998941
1266 998927
18673 998917
31679 998909
21923 998897
25857 998861
17396 998857
4961 998843
26107 998839
23168 998831
27432 998819
5372 998813
20685 998779
19296 998759
963 998749
2998 998743
9270 998737
16029 998717
9444 998689
28170 998687
2392 998681
21281 998653
25311 998651
27592 998633
27215 998629
7653 998623
17621 998617
23901 998561
13414 998551
13145 998539
14473 998537
14421 998527
2699 998513
24582 998497
30830 998471
11550 998443
31745 998429
21617 998423
6149 998419
21007 998411
4949 998399
18499 998381
10853 998377
32680 998353
20883 998329
22696 998311
14107 998287
16924 998281
27065 998273
9717 998243
28981 998237
1036 998219
20588 998213
29837 998201
25754 998197
22166 998167
29674 998161
21765 998147
3485 998117
31374 998111
12352 998083
6022 998077
3793 998071
3851 998069
21437 998029
3699 998027
31006 998017
2342 998009
18342 997991
25676 997973
23060 997963
22782 997961
12587 997949
2259 997933
1152 997897
24576 997891
7834 997889
31085 997879
18237 997877
7269 997813
5331 997811
26826 997807
1613 997793
11771 997783
4348 997769
2504 997751
27176 997741
6185 997739
21110 997727
405 997699
6484 997693
25901 997681
271 997663
17684 997651
12342 997649
3753 997637
889 997627
25987 997609
27432 997597
20318 997589
6651 997583
4186 997573
14028 997553
16951 997547
4454 997541
18038 997511
6815 997463
29321 997453
8779 997439
3702 997433
12753 997427
16793 997391
20587 997379
9830 997369
9812 997357
17759 997343
24175 997333
30875 997327
25139 997319
1161 997309
10713 997307
22493 997279
27429 997273
13251 997267
827 997259
18124 997247
7266 997219
22582 997207
22182 997201
20092 997163
12981 997153
29518 997151
14438 997147
10339 997141
24274 997123
7105 997121
10732 997111
16245 997109
20971 997103
10189 997099
11020 997097
19597 997091
30846 997081
19649 997069
27497 997057
4623 997043
22385 997037
22462 997021
12333 997019
31435 997013
16224 997001
25535 996979
16893 996973
8229 996967
18998 996953
12503 996899
30508 996887
31603 996883
22266 996881
186 996871
11822 996859
18087 996857
30700 996847
7295 996841
19536 996811
20526 996803
1745 996781
26532 996763
5287 996739
17944 996703
21387 996689
9299 996649
27462 996647
15480 996637
8428 996631
19683 996629
22708 996617
29454 996601
25548 996599
9890 996571
24990 996563
7715 996551
30809 996539
29138 996529
1736 996511
14005 996487
16815 996461
23281 996431
329 996409
5588 996407
26537 996403
4414 996367
3832 996361
24396 996329
9974 996323
9848 996311
25378 996301
32644 996293
26479 996271
7145 996263
3966 996257
16550 996253
3239 996211
16547 996209
31074 996197
15104 996187
13508 996173
17674 996169
12086 996167
9387 996161
22926 996157
10130 996143
12842 996119
17514 996109
1990 996103
24266 996067
2084 996049
3028 996019
8377 996011
25754 996001
10748 995989
7350 995987
23061 995983
1736 995959
8684 995957
15795 995941
28666 995927
8385 995909
28226 995903
557 995887
15700 995881
8855 995833
31832 995801
10601 995791
11881 995783
2374 995747
20422 995737
30957 995719
16814 995713
11323 995699
10710 995677
5677 995669
2783 995663
1047 995651
17721 995641
9063 995623
27726 995611
20144 995593
31224 995591
9164 995587
31356 995573
13400 995567
23981 995551
27360 995549
15846 995539
21091 995531
13298 995513
6947 995471
18209 995461
20195 995447
17178 995443
30705 995431
18729 995399
22966 995387
24863 995381
3751 995377
11767 995369
16067 995363
19676 995347
31495 995341
22865 995339
28032 995329
10108 995327
19166 995303
3558 995273
6584 995243
8755 995237
17635 995227
10394 995219
22923 995173
13356 995167
5859 995147
9759 995119
25782 995117
27842 995081
12059 995053
9925 995051
22804 995023
13810 995009
17638 994997
25747 994991
10341 994963
6928 994949
21656 994933
20374 994927
4943 994913
26554 994907
4777 994901
17529 994879
21922 994871
13067 994867
6678 994853
4438 994837
26592 994831
11024 994817
23044 994813
15564 994811
31229 994793
13440 994769
1702 994751
17234 994723
2915 994717
12967 994711
4450 994709
16074 994699
17465 994691
2980 994667
27695 994663
11354 994657
29669 994621
15572 994603
7234 994583
17527 994579
22735 994571
5006 994561
24553 994559
6466 994549
5480 994501
24081 994489
27575 994471
28440 994457
30316 994453
10426 994447
737 994417
868 994393
28260 994391
23419 994369
28392 994363
13752 994339
27246 994337
19336 994321
6776 994319
18205 994309
25664 994307
5459 994303
21393 994297
9127 994271
21867 994249
21179 994247
30948 994241
27212 994237
28637 994229
384 994199
5760 994193
9973 994183
16298 994181
11771 994163
13741 994141
29398 994093
6668 994087
13836 994073
25624 994069
28411 994067
32168 994051
14419 994039
13873 994027
19748 994013
18450 993997
931 993983
18642 993977
23251 993961
25748 993943
6835 993919
1569 993913
17059 993907
22571 993893
8215 993887
12727 993869
30683 993851
20179 993841
15983 993827
2 993823
67 993821
3588 993793
24799 993781
15591 993779
4151 993763
28797 993703
20415 993689
17836 993683
11513 993679
20288 993647
1427 993617
23062 993611
18764 993589
31710 993557
20541 993541
2254 993527
4158 993493
12276 993481
4721 993479
15113 993467
21061 993451
5622 993437
14698 993431
9064 993407
18573 993401
20267 993397
15067 993367
5149 993341
8849 993323
6905 993319
12073 993287
80 993283
4585 993269
867 993253
23511 993247
11457 993241
18530 993233
13008 993217
16962 993211
21422 993203
7252 993199
22286 993197
1678 993169
16375 993137
18224 993121
13718 993107
17120 993103
9088 993079
29273 993053
21778 993049
6861 993037
11479 993011
1589 993001
24604 992983
8979 992963
8215 992947
28547 992941
9545 992923
29063 992917
30476 992903
20207 992891
22630 992867
26959 992863
19607 992861
18147 992857
30977 992843
5969 992819
5972 992809
23457 992801
556 992777
13035 992737
30587 992723
6543 992707
18301 992701
5861 992689
7172 992659
30161 992633
9049 992623
18084 992609
783 992603
7453 992591
23154 992561
21408 992549
6530 992539
9419 992521
22671 992513
14104 992461
32244 992449
21036 992441
10892 992437
29700 992429
27338 992417
27677 992393
22945 992371
5451 992363
2975 992359
19164 992357
3047 992317
23606 992309
16874 992281
6682 992269
3607 992267
13092 992263
7386 992249
337 992231
10901 992219
14464 992183
2181 992179
9815 992153
29102 992141
30193 992129
30786 992113
15924 992111
22302 992087
6096 992051
4179 992023
8241 992021
18646 992011
14559 991999
4808 991987
3889 991981
8956 991979
5688 991973
5023 991961
11588 991957
9522 991951
16259 991943
14384 991931
19834 991927
19739 991909
5996 991901
1481 991889
6133 991883
14875 991873
14421 991871
917 991867
13378 991817
32351 991811
4423 991777
13250 991751
28138 991741
286 991733
20271 991723
10210 991717
1859 991703
22046 991693
26183 991663
13458 991651
11916 991643
11897 991633
20434 991621
2138 991619
18745 991607
18081 991603
20492 991579
10709 991567
2444 991547
30114 991541
22625 991531
8466 991511
613 991499
16807 991493
23005 991483
20537 991453
11611 991447
7616 991429
7140 991427
16242 991409
5899 991387
13538 991381
27427 991357
24578 991343
9648 991327
26160 991313
13510 991273
2743 991261
11765 991229
22136 991223
25067 991217
15751 991201
18951 991187
15105 991181
1879 991171
23668 991147
9965 991129
16772 991127
15720 991091
31155 991079
15388 991073
14712 991069
13387 991063
26892 991057
8518 991043
25234 991037
22639 991031
8836 991027
30324 991009
1165 990989
6970 990973
14394 990967
4692 990961
13351 990953
13306 990923
25487 990917
27348 990893
26988 990889
27934 990887
28041 990881
27631 990851
19254 990841
20902 990809
30330 990799
12487 990797
21493 990767
20184 990761
24796 990733
21237 990719
13228 990707
7733 990673
25472 990643
17437 990637
4924 990631
2987 990599
1768 990593
26053 990589
7397 990559
27660 990547
4593 990529
21351 990523
28170 990511
22463 990503
10676 990497
4804 990487
22068 990469
32182 990463
10415 990397
7804 990389
1882 990383
8863 990377
28960 990371
32476 990361
7008 990359
8287 990349
16050 990331
25847 990329
4829 990323
31164 990313
15195 990307
31736 990293
12577 990289
22105 990287
23429 990281
25782 990277
22903 990259
31464 990239
17772 990211
3977 990181
20903 990179
4507 990169
18375 990163
26717 990151
3519 990137
22235 990053
9130 990043
2308 990037
26899 990023
32317 990013
11691 990001
26065 989999
28803 989981
25522 989977
2628 989971
10338 989959
8700 989951
23806 989939
2424 989929
11453 989921
17730 989917
16235 989909
26041 989887
21663 989873
16876 989869
28094 989839
27146 989837
9488 989831
5808 989827
618 989803
17249 989797
25147 989783
21984 989777
27140 989761
335 989753
7549 989749
19253 989743
503 989719
2530 989687
27068 989671
11980 989663
3961 989647
1227 989641
10746 989629
2414 989623
8893 989581
444 989579
11817 989561
11796 989557
14954 989533
24084 989507
4673 989479
27818 989477
15181 989467
11710 989441
5009 989423
25108 989419
4170 989411
11094 989381
20562 989377
2415 989353
1689 989347
29582 989341
9602 989327
29337 989323
14895 989321
4049 989309
7920 989293
16883 989279
9849 989251
5158 989249
11667 989239
23909 989231
12112 989173
21590 989171
6175 989123
27299 989119
13866 989099
29777 989081
23002 989071
687 989059
3981 989029
22478 989011
25516 988979
16032 988963
27850 988951
13618 988937
29558 988909
417 988901
3559 988877
20403 988861
30117 988859
9276 988849
20445 988837
7357 988829
9479 988789
25817 988783
27396 988763
22676 988759
23773 988733
16769 988727
30155 988711
20028 988693
20785 988681
7912 988661
32684 988651
22166 988649
8554 988643
24747 988607
22623 988591
21195 988583
31005 988579
22230 988577
22350 988571
9709 988549
13094 988541
9385 988511
14154 988501
29148 988489
13048 988483
1180 988459
23164 988453
7015 988439
26673 988417
3488 988409
2718 988367
22964 988357
12402 988343
23976 988321
2411 988319
21730 988313
2925 988297
19816 988279
1363 988271
6124 988243
21823 988237
4444 988231
18036 988219
22993 988217
31489 988213
27661 988199
10182 988157
25074 988147
23961 988129
21904 988111
12437 988109
3003 988093
22230 988069
15439 988067
25141 988061
11653 988051
5309 988033
17164 988021
3569 988007
26299 987997
16157 987991
8226 987983
18244 987979
6460 987971
7018 987941
526 987929
17996 987913
4609 987911
8903 987869
7471 987851
20091 987821
9472 987809
15973 987803
18122 987797
28048 987793
16464 987739
7692 987713
16721 987697
9925 987659
14989 987631
23799 987607
7653 987599
24138 987593
24702 987587
26853 987559
22297 987541
6387 987533
1525 987523
24429 987509
2297 987491
25646 987473
7671 987463
21906 987457
27211 987433
31287 987391
7709 987383
15767 987361
27412 987353
30351 987313
12602 987299
24341 987293
7262 987251
11946 987227
32062 987211
5450 987209
17721 987199
743 987193
91 987191
18356 987143
18688 987127
15302 987101
18790 987097
20702 987089
17117 987083
18262 987079
3967 987067
18299 987061
31375 987053
27372 987043
27892 987029
23985 987023
5739 987013
15642 986989
16739 986983
19127 986981
11937 986963
31711 986959
32543 986941
29346 986933
9665 986929
4892 986927
26581 986903
16508 986857
27262 986851
26439 986849
31856 986837
26263 986819
1713 986813
14435 986801
9273 986779
31008 986767
8097 986759
12592 986749
20291 986737
5879 986729
19329 986719
30367 986717
6150 986707
5310 986693
24634 986659
19336 986641
10314 986633
24113 986617
8043 986599
7327 986597
25927 986593
437 986581
25518 986569
2213 986567
9994 986563
6707 986543
13086 986533
14555 986519
32538 986509
2854 986507
23318 986497
7612 986477
21084 986471
17139 986437
31035 986429
25579 986417
18996 986411
30586 986369
5564 986351
13675 986339
24813 986333
4330 986287
13016 986281
6926 986267
3419 986257
14041 986239
30113 986213
4656 986207
20926 986197
13204 986191
19456 986189
10916 986177
12778 986149
8627 986147
13306 986143
16623 986137
21669 986131
6129 986113
2097 986101
10420 986071
21585 986053
18235 986047
30126 986023
23408 985997
715 985993
16135 985991
32477 985981
32616 985979
9362 985973
19431 985969
12249 985951
23263 985937
26412 985921
9310 985903
26602 985877
1931 985871
5829 985867
22514 985819
23629 985807
31306 985799
22298 985783
13442 985781
14387 985759
13074 985741
25493 985729
5594 985723
32267 985709
10534 985703
6841 985679
21381 985667
3588 985657
18320 985639
22721 985631
16610 985613
30158 985601
3531 985597
25988 985571
29563 985547
28065 985531
10432 985529
31132 985519
17297 985499
9857 985493
6132 985487
7879 985483
15100 985471
19904 985463
13055 985451
28557 985447
26162 985433
27076 985417
9024 985403
31268 985399
15269 985379
29707 985351
9679 985339
19088 985331
3410 985307
21611 985301
10675 985291
24590 985279
14486 985277
8607 985253
7765 985219
4531 985213
2116 985181
19199 985177
1589 985151
9809 985129
31990 985121
3983 985109
8668 985097
9114 985079
28576 985063
26171 985057
18194 985027
6280 985013
17003 985007
15201 985003
14416 984959
26364 984947
5056 984931
10128 984923
4216 984917
20645 984913
10146 984911
912 984881
5828 984877
19235 984859
31554 984853
32162 984847
3836 984817
24428 984761
14029 984757
5128 984749
23021 984733
6255 984707
29065 984703
6344 984701
31254 984689
17656 984667
31776 984617
8878 984611
20644 984593
4308 984587
9532 984583
3984 984563
9889 984541
14645 984539
11347 984497
31701 984491
22120 984481
24664 984461
22213 984457
21304 984437
10588 984427
17508 984421
23332 984413
24266 984407
15833 984397
23958 984391
5842 984383
29750 984367
2411 984359
10139 984353
16850 984349
10825 984341
19262 984337
6717 984329
5336 984323
14002 984307
726 984301
5442 984299
5538 984253
22790 984241
16128 984211
17297 984199
32139 984167
30471 984149
22793 984127
14743 984121
28254 984119
20005 984091
28717 984083
21225 984059
26984 984047
24133 984037
14674 984017
4907 984007
15569 983993
29122 983987
30455 983951
3632 983929
23340 983923
26289 983911
11623 983881
7010 983863
20812 983861
7530 983849
26418 983819
22629 983813
20057 983809
12356 983803
7645 983791
16119 983789
29220 983783
22687 983777
6873 983771
21019 983737
21944 983701
9512 983699
25778 983659
9846 983617
562 983597
25944 983581
3209 983579
18937 983557
18898 983533
28222 983531
28612 983527
20160 983519
14161 983513
7295 983491
16900 983461
32058 983449
1909 983447
14235 983443
29527 983441
29067 983431
24804 983429
6769 983407
18096 983377
10286 983371
15926 983363
17670 983347
11412 983329
15839 983327
15949 983317
15234 983299
13845 983267
26296 983261
20201 983243
22139 983239
13316 983233
24730 983209
25975 983197
26742 983189
22115 983179
25806 983173
14890 983153
23723 983149
24601 983141
23788 983131
14669 983123
13065 983119
17129 983113
24316 983083
7896 983069
32122 983063
14245 982981
13532 982973
28737 982967
17000 982939
9887 982931
29410 982909
18580 982903
26752 982871
29793 982867
25025 982847
10950 982843
4022 982841
1694 982829
16305 982819
20039 982801
31625 982789
5480 982783
7370 982777
6614 982769
29320 982759
7330 982741
22193 982703
16537 982697
14101 982693
441 982687
30583 982643
13677 982633
32105 982621
16783 982613
31678 982603
26747 982589
728 982577
15032 982573
17438 982571
780 982559
10838 982493
26601 982489
13767 982453
5534 982403
16955 982393
7853 982381
20071 982363
27702 982351
22339 982343
9818 982339
12110 982337
31993 982321
14553 982301
15172 982273
25552 982271
9462 982231
4757 982217
21040 982213
26346 982211
10055 982187
16131 982183
12300 982171
11305 982151
8792 982147
14246 982133
10717 982117
12232 982103
28550 982099
17980 982097
8440 982087
21016 982067
8428 982063
23364 982061
3957 982057
549 982021
4473 981983
11710 981979
14561 981961
31639 981949
15174 981947
2098 981941
21299 981919
7126 981913
18471 981889
26355 981887
15361 981823
4722 981817
4225 981811
19365 981809
3572 981797
28865 981769
31835 981731
27133 981713
10874 981707
23754 981703
31415 981697
4552 981691
3002 981683
27489 981653
802 981637
31279 981623
29389 981601
26004 981599
21898 981587
21049 981577
17963 981569
32070 981527
27728 981523
14993 981517
13411 981493
13594 981481
21662 981473
3210 981467
28432 981451
32659 981443
24827 981439
4704 981437
4616 981419
22905 981397
27164 981391
5313 981377
2774 981373
25470 981319
4605 981311
24971 981301
5227 981289
16161 981287
15665 981283
12248 981271
6928 981263
13011 981241
13943 981221
1336 981209
7327 981199
22872 981187
12429 981173
61 981151
22771 981139
24689 981137
6729 981133
11325 981091
26269 981077
6840 981073
30949 981067
16979 981061
32728 981049
26827 981037
15515 981023
31655 981017
7104 981011
15788 980999
17265 980963
22767 980957
10174 980921
17000 980911
32343 980909
822 980899
30023 980897
23799 980893
27759 980887
10716 980851
12230 980831
7780 980827
24748 980803
479 980801
28374 980773
23598 980731
17822 980729
19032 980719
14517 980717
30957 980711
21388 980689
31305 980687
2293 980677
8248 980641
27844 980621
31637 980599
12149 980593
31175 980591
5167 980587
5968 980579
7056 980557
6101 980549
12840 980503
30521 980491
26516 980489
9416 980471
7054 980459
24709 980449
14454 980431
5140 980423
3864 980417
3039 980401
17860 980393
23133 980377
7401 980363
16044 980327
7642 980321
28892 980299
11365 980293
2451 980261
31321 980249
10243 980219
5186 980197
20541 980179
14549 980173
3428 980159
30946 980149
32345 980137
19406 980131
26831 980117
25824 980107
3556 980081
14306 980071
5306 980069
20457 980047
17063 980027
28992 979987
13798 979969
1997 979949
16129 979921
11616 979919
5696 979907
12245 979889
21990 979883
31986 979873
9990 979831
19032 979819
15912 979807
16916 979787
28202 979757
137 979747
2805 979717
22215 979709
25339 979691
7315 979651
3490 979567
30628 979553
32258 979549
27112 979543
1190 979541
18123 979529
42 979519
28629 979481
15338 979471
31517 979457
13605 979439
14939 979423
576 979403
4011 979379
13578 979373
9530 979369
6192 979361
1901 979343
26947 979337
23886 979333
31739 979327
6456 979313
22694 979291
3102 979283
14042 979273
22506 979261
32482 979229
25011 979219
3975 979211
10984 979207
13085 979201
28838 979189
17918 979177
10954 979171
25051 979163
4221 979159
15493 979117
13908 979109
7714 979103
14904 979093
12778 979063
21416 979061
19932 979037
4902 979031
28940 979009
12731 979001
30076 978997
6653 978973
6556 978947
24070 978931
26340 978917
10794 978907
26149 978883
638 978871
22406 978863
18790 978853
4938 978851
16325 978839
8650 978821
29578 978799
19536 978797
30626 978773
13744 978749
22692 978743
16604 978727
7087 978713
31927 978697
16714 978689
18429 978683
21585 978647
13565 978643
3374 978619
13420 978617
5101 978611
1959 978599
32755 978569
15891 978541
27225 978521
24195 978511
20543 978491
9421 978479
11409 978473
15596 978463
11538 978457
28781 978449
17580 978427
8175 978413
11606 978403
29185 978389
15886 978359
10668 978349
23991 978347
27224 978343
25054 978337
7166 978323
24756 978287
31169 978283
30651 978277
26206 978269
21750 978239
15638 978233
32426 978223
19204 978217
30177 978209
15353 978203
29267 978181
24400 978179
10858 978157
3166 978151
28782 978149
27497 978113
30248 978091
20298 978079
21112 978077
27940 978073
173 978071
27353 978067
4010 978053
16935 978049
10006 978041
9606 978037
31531 978031
15694 978017
19425 978011
1703 978007
12933 978001
11085 977971
22783 977927
8247 977923
20566 977897
2711 977881
10282 977861
9688 977849
14152 977831
31359 977819
17785 977813
29976 977803
2370 977791
9629 977761
16434 977747
29428 977723
7904 977719
11124 977693
32223 977681
25243 977671
4897 977629
19793 977611
17316 977609
6516 977593
14176 977591
25206 977567
27087 977539
13409 977521
902 977513
22392 977507
28081 977447
12870 977437
22141 977413
15590 977411
21933 977407
6085 977369
6888 977363
10539 977359
7054 977357
76 977351
9233 977323
29110 977299
4381 977269
16466 977257
22306 977243
32600 977239
29428 977233
31965 977209
29849 977203
16877 977191
7565 977183
23624 977167
5622 977149
1854 977147
6302 977107
13379 977087
13238 977069
14630 977057
27817 977047
22811 977023
18309 977021
18164 976991
30414 976957
29244 976951
24240 976933
15889 976919
12005 976909
30708 976883
12505 976853
21987 976849
5065 976823
15993 976817
3822 976799
29424 976777
12790 976727
12846 976721
15964 976709
25927 976699
30807 976669
10530 976643
5247 976639
26140 976637
20313 976621
28121 976607
26205 976601
6322 976571
9796 976561
26448 976559
8341 976553
4734 976537
27339 976513
571 976501
7058 976489
11913 976483
7906 976477
16273 976471
4 976457
12310 976453
207 976447
3146 976439
20369 976411
30853 976403
31108 976369
18024 976351
26055 976309
21623 976307
17708 976303
4916 976301
1366 976279
9267 976271
2564 976253
27338 976231
17788 976211
25416 976193
20844 976187
31959 976177
29632 976147
21364 976127
5950 976117
21154 976109
15843 976103
20165 976093
25438 976091
21065 976039
14356 976033
1278 976013
8594 976009
1869 975991
4963 975977
10300 975967
11156 975943
21585 975941
6264 975907
19673 975901
14694 975899
29215 975883
14981 975869
145 975857
11238 975847
24556 975827
22137 975823
23779 975811
26018 975803
10461 975797
29303 975743
6330 975739
9709 975731
8906 975701
4486 975691
23885 975671
6707 975661
2625 975649
28554 975643
25156 975629
6537 975619
8142 975599
14707 975581
5404 975553
16008 975551
10873 975523
5556 975521
20428 975509
21340 975497
913 975493
4342 975463
25257 975439
17432 975433
4008 975427
17166 975421
30087 975389
2892 975383
18655 975379
16429 975367
1057 975343
19674 975323
15972 975313
10839 975287
31163 975281
4869 975277
11576 975263
30487 975259
12293 975257
25035 975217
5686 975199
15728 975193
21827 975187
5237 975181
30033 975157
8214 975151
32171 975133
14700 975089
32285 975083
10207 975071
25614 975053
24654 975049
401 975017
8820 975011
7611 974999
3649 974989
24843 974983
22860 974977
17825 974971
19592 974969
12948 974959
13531 974957
25267 974927
1364 974923
31333 974891
8198 974887
3473 974879
8924 974873
7595 974867
16347 974863
6500 974861
9391 974849
29320 974837
21375 974821
17417 974819
8009 974803
4442 974773
20583 974761
12659 974749
23013 974747
19263 974737
3787 974713
13898 974711
32403 974707
27097 974657
6744 974653
13784 974651
4234 974599
7246 974591
31526 974581
5926 974563
7359 974557
13715 974551
2793 974539
5474 974537
22711 974531
8171 974513
10859 974507
28548 974497
9113 974489
10666 974473
27450 974459
15154 974443
7559 974437
3903 974431
413 974419
24288 974417
18734 974411
26225 974401
4813 974387
30523 974383
27548 974359
20201 974329
13154 974317
11208 974293
7762 974279
3057 974273
10764 974269
14024 974261
18331 974249
27515 974213
19075 974189
9312 974179
27932 974177
7781 974167
31937 974161
3318 974159
5291 974147
26107 974143
17518 974137
20190 974123
10085 974107
15038 974089
23708 974063
2870 974053
2810 974041
20580 974033
15284 974009
27150 974003
25932 973957
6943 973919
5040 973901
27085 973897
15929 973891
14882 973853
8843 973837
15823 973823
29620 973813
27490 973801
26358 973789
83 973787
13339 973781
27801 973759
3405 973757
15253 973727
29380 973691
28049 973681
10441 973669
3639 973657
2778 973631
30623 973597
3319 973591
28389 973561
1127 973547
28269 973537
23401 973529
21305 973523
12209 973487
3581 973459
6571 973439
15836 973421
2762 973411
2539 973409
25464 973397
30703 973387
9571 973373
12787 973367
3374 973333
31145 973331
30433 973321
16306 973289
19072 973283
17985 973279
23219 973277
12721 973253
11627 973213
16142 973187
9954 973177
22431 973169
4459 973151
12781 973129
4329 973099
29662 973081
18158 973073
9955 973069
21704 973067
5698 973057
4873 973051
12547 973033
21076 973031
5141 973003
22378 973001
18066 972991
5329 972977
16734 972967
30350 972943
25706 972941
30914 972901
20322 972899
18484 972887
156 972869
25600 972847
29804 972833
12817 972827
4185 972823
17418 972799
16586 972793
14533 972787
9491 972721
18076 972701
17688 972683
7438 972679
25823 972661
131 972649
28097 972637
22843 972623
25118 972613
30383 972611
14274 972599
4836 972581
5724 972577
15754 972557
8881 972533
21721 972493
1144 972481
8840 972473
1022 972469
9560 972443
17925 972431
5119 972427
8058 972409
19587 972407
2033 972403
15162 972373
10517 972353
24336 972347
14948 972343
31945 972337
5100 972329
24899 972319
30699 972313
21274 972277
21123 972271
5657 972263
26582 972259
14158 972229
27726 972227
20167 972221
8159 972199
3141 972197
3191 972163
20066 972161
18700 972137
16379 972133
28123 972131
5600 972121
3030 972119
5912 972113
18518 972091
11327 972079
1930 972071
22210 972047
9024 972031
14084 972029
22768 972017
16566 972001
12599 971989
30439 971981
29739 971977
5527 971959
6431 971951
31949 971939
21984 971933
4485 971921
20584 971917
10998 971903
20378 971899
5874 971863
27279 971857
22136 971851
29549 971833
31665 971821
488 971783
7404 971767
25306 971759
11344 971753
7578 971723
16999 971713
1267 971699
6568 971693
14571 971683
11180 971653
26559 971651
9394 971639
20414 971591
18591 971569
20704 971563
31901 971561
5209 971549
765 971521
16755 971513
8989 971501
12908 971491
1355 971483
28984 971479
2821 971473
17231 971441
28172 971429
1267 971419
1304 971401
22412 971389
17207 971387
1042 971381
28444 971371
14749 971357
14824 971353
20879 971339
22833 971309
19959 971291
9814 971281
11288 971279
5473 971273
13383 971263
10245 971251
31086 971237
25976 971207
3579 971197
26173 971177
24843 971171
15126 971153
3588 971149
28858 971143
31239 971141
15874 971111
13786 971099
6309 971093
4156 971077
3265 971063
25537 971053
21955 971051
17577 971039
27496 971029
5708 971027
3053 971021
3348 970999
21678 970997
2335 970987
17600 970969
22259 970967
8517 970961
3832 970943
12693 970939
20877 970927
14699 970909
19697 970903
2483 970883
9053 970877
1212 970867
15103 970861
6340 970859
3767 970847
3146 970829
3519 970817
4486 970813
18862 970799
751 970793
28018 970789
30915 970787
3380 970777
10210 970747
7749 970721
15491 970699
8067 970687
14217 970667
32215 970657
19328 970643
23996 970633
24206 970603
31221 970583
16602 970573
2254 970561
25397 970549
25768 970537
30732 970493
22938 970481
30957 970469
18801 970457
7455 970447
8277 970441
29221 970433
10195 970423
3358 970421
29485 970391
17504 970351
14098 970313
6857 970303
12335 970297
4748 970279
5947 970267
2957 970261
22120 970259
12687 970247
4964 970237
24756 970231
31306 970219
23332 970217
22837 970213
16602 970201
22866 970147
741 970133
18855 970111
5536 970091
20712 970087
424 970069
18188 970063
12708 970061
15495 970051
2831 970043
9296 970031
4784 970027
32541 969989
8539 969977
6526 969929
5169 969923
15285 969919
31617 969911
24965 969907
9707 969889
339 969877
4480 969869
25917 969863
23276 969851
28191 969821
17137 969809
6053 969797
25790 969791
3526 969767
19424 969763
26479 969757
20193 969743
30494 969721
31706 969719
27070 969713
3704 969679
27913 969677
25415 969671
8750 969667
14915 969641
1691 969637
27387 969599
3093 969593
32461 969569
8831 969559
2567 969533
18696 969509
8935 969503
10646 969497
3541 969481
6305 969467
12372 969461
25826 969457
10356 969443
32128 969433
5318 969431
27299 969421
14640 969407
13200 969403
20234 969377
26303 969359
870 969347
23435 969343
31871 969341
16999 969301
18326 969271
32705 969259
23244 969257
28408 969253
29370 969239
22037 969233
4562 969181
22559 969179
22486 969167
25416 969139
23008 969131
16705 969113
10193 969109
25466 969097
21030 969083
4634 969071
7043 969049
7149 969041
7021 969037
22180 969011
1039 968971
31245 968963
2821 968959
30266 968939
13683 968917
9133 968911
2558 968909
26109 968897
32605 968879
23700 968857
29851 968831
23159 968827
10305 968819
25912 968809
3587 968801
15486 968761
7848 968731
14025 968729
23610 968713
25947 968699
21707 968689
16497 968663
80 968659
26156 968647
31328 968641
2523 968593
24280 968573
24199 968567
2228 968557
24306 968537
11420 968521
9824 968519
21754 968503
26859 968501
13199 968479
20269 968467
7394 968459
22661 968437
25603 968431
16455 968423
16750 968419
1423 968389
1564 968381
29332 968377
9218 968353
10155 968333
8069 968329
3939 968321
22970 968311
3155 968299
24929 968291
30359 968273
10495 968267
28185 968263
12933 968251
28680 968239
1373 968237
20787 968213
10724 968197
3110 968173
32143 968159
2358 968147
3402 968141
30688 968137
20444 968117
19490 968113
10318 968111
18372 968101
6311 968089
30367 968063
3970 968041
32359 968027
20289 968021
25990 968017
9196 968003
20999 967999
1281 967979
2211 967961
27322 967951
30063 967937
6807 967931
4794 967919
3377 967903
26651 967877
24477 967873
27335 967859
5351 967847
4509 967843
20591 967831
17034 967823
14386 967819
11327 967787
26173 967781
30275 967763
19168 967753
17130 967751
11614 967739
6587 967721
10024 967709
17990 967699
5607 967693
22147 967667
8929 967663
32035 967627
12925 967607
32640 967583
25842 967567
21528 967529
22887 967511
32168 967507
12042 967501
20585 967493
23527 967481
31238 967459
28561 967451
10798 967441
18379 967429
26884 967427
12254 967397
20914 967391
26431 967363
23273 967361
12970 967349
25626 967333
29413 967327
13729 967321
22212 967319
21319 967297
10792 967289
15293 967261
4615 967259
17661 967229
17869 967201
1210 967171
6282 967139
27972 967129
30922 967111
19078 967061
1046 967049
26638 967019
29532 967003
12352 966997
4061 966991
22043 966971
7252 966961
26175 966937
15464 966923
16666 966919
29873 966913
20311 966907
28626 966893
2833 966883
22900 966871
2903 966869
26164 966863
27902 966817
6064 966803
2774 966781
1632 966751
18623 966727
1761 966677
4144 966661
28370 966659
21039 966653
7550 966631
16843 966619
20195 966617
21394 966613
13266 966583
12703 966557
24640 966547
4403 966527
26887 966521
32245 966509
5275 966499
4171 966491
24196 966481
28526 966463
19360 966439
17701 966431
15737 966419
14408 966409
9515 966401
27776 966389
15031 966379
14557 966377
17336 966373
5173 966353
3270 966347
28012 966337
4891 966323
5913 966319
2097 966313
26908 966307
26481 966293
4133 966271
22053 966257
574 966241
2134 966233
2260 966227
31034 966221
5075 966211
31832 966209
26317 966197
5265 966191
30798 966157
10412 966149
23746 966139
10527 966113
8603 966109
6432 966041
25240 966029
15688 966013
29279 966011
1105 965989
30920 965983
8880 965969
15490 965963
24606 965953
15109 965927
20046 965893
2283 965857
6748 965851
1567 965843
30402 965801
3210 965791
18891 965779
13607 965777
27880 965773
28316 965759
27465 965749
14804 965711
25261 965677
17450 965659
32582 965647
5157 965639
5153 965623
25811 965621
7032 965611
27976 965603
1742 965567
31948 965551
17616 965533
22971 965519
21321 965507
37 965491
9644 965483
1713 965467
11526 965453
25422 965443
29774 965429
22199 965423
7280 965411
15577 965407
7565 965401
12695 965399
7993 965369
13441 965357
1994 965329
2940 965317
8943 965303
25452 965291
550 965267
26456 965249
3537 965233
2477 965227
13298 965201
22659 965197
18912 965191
15629 965189
8296 965179
18341 965177
1593 965171
29963 965161
4760 965147
32469 965131
8865 965117
6177 965113
1444 965101
16642 965089
31074 965087
28233 965059
23856 965047
28818 965023
31574 964981
7360 964973
533 964969
2378 964967
21057 964939
3850 964933
14165 964927
29038 964913
32099 964897
28982 964889
15188 964883
26153 964879
7246 964871
8035 964861
2373 964829
1838 964823
23542 964793
11907 964787
20194 964783
17824 964757
14855 964753
29279 964721
27232 964703
14896 964697
4731 964693
9436 964679
1186 964661
9861 964637
11115 964609
4732 964589
7085 964583
9696 964577
13093 964571
28711 964559
4444 964531
20736 964519
25728 964517
15916 964507
4692 964501
22851 964499
17772 964463
23683 964433
26939 964423
24335 964417
13261 964373
13397 964363
4645 964357
1904 964351
13450 964339
6845 964333
8783 964309
5378 964303
14560 964297
20689 964289
22544 964283
2066 964267
19965 964261
17628 964259
26380 964253
2560 964219
27338 964217
30958 964213
21675 964207
10215 964199
20488 964153
12951 964151
30922 964133
8320 964097
11934 964081
22511 964049
30384 964039
18756 964027
2097 964021
7641 964009
16963 963979
20177 963973
32246 963943
27529 963913
1403 963901
21647 963899
452 963877
5956 963871
31256 963863
14227 963847
7534 963841
24679 963839
2960 963817
30916 963811
17487 963799
19115 963793
21836 963779
4668 963763
25382 963761
16039 963751
20755 963731
15345 963719
8741 963709
5015 963707
18887 963701
25492 963691
3396 963689
26203 963667
26191 963659
23481 963653
5851 963643
25027 963629
24788 963607
1593 963601
10352 963581
23561 963559
15920 963499
32212 963497
13773 963491
28063 963481
6563 963461
795 963427
1622 963419
25899 963397
22728 963379
12430 963367
10394 963349
15569 963343
23496 963341
14849 963331
17448 963323
29872 963311
32206 963301
15172 963299
15780 963283
30383 963253
31163 963241
23042 963239
24858 963227
26489 963223
1818 963211
16106 963191
1681 963187
2246 963181
17238 963173
10765 963163
25828 963143
4317 963121
15146 963103
9863 963097
1741 963047
6998 963043
10330 963031
8546 963019
5699 962993
5925 962971
14241 962963
26551 962959
29190 962921
21972 962911
27370 962909
20502 962903
16760 962869
8208 962867
27587 962861
4904 962839
31406 962837
29543 962807
25102 962791
6035 962789
3783 962783
19792 962779
8953 962747
13598 962743
12412 962737
10092 962683
19505 962681
13078 962677
26873 962671
2315 962669
8019 962653
1520 962627
28395 962623
20978 962617
12708 962609
4143 962603
29659 962587
8796 962569
17409 962561
27273 962543
23482 962537
1086 962509
22297 962503
30533 962497
4797 962477
14799 962471
20441 962461
17639 962459
30059 962447
21832 962441
16424 962431
1039 962417
32500 962413
32232 962363
10197 962341
5279 962309
12740 962303
1596 962267
16845 962257
28188 962243
28248 962237
14237 962233
12690 962197
26455 962177
11344 962161
30458 962131
9448 962119
8524 962099
18886 962077
9944 962063
15826 962051
6474 962041
25823 962033
27286 962011
22716 962009
9812 961993
29599 961991
12022 961981
762 961973
26056 961957
3586 961943
7129 961937
13681 961927
23358 961879
7752 961871
21322 961861
10132 961853
18355 961847
27536 961841
8638 961817
20115 961813
31719 961811
12968 961789
922 961783
23758 961777
10755 961769
16676 961757
9206 961747
21904 961739
31359 961733
18093 961729
14497 961703
2298 961691
26691 961687
20636 961679
24421 961663
3133 961661
10252 961657
9160 961643
24716 961637
525 961633
7954 961627
26779 961619
31394 961613
18258 961601
11496 961567
23916 961549
7037 961547
22560 961531
19619 961529
776 961511
10875 961507
233 961487
20798 961459
30610 961453
18443 961451
12273 961447
16701 961427
29582 961399
9839 961397
31491 961393
5521 961339
7480 961319
24512 961313
11619 961283
24508 961277
9754 961273
27954 961243
29187 961241
6965 961201
26333 961189
9113 961187
28153 961183
11790 961159
28000 961157
22828 961151
24369 961141
23764 961139
12551 961133
6281 961123
4959 961117
13751 961109
24918 961099
1274 961097
19256 961091
14058 961087
702 961073
21495 961069
24034 961067
13389 961063
19894 961033
32748 961021
12457 961003
16458 960991
1038 960989
6204 960983
22259 960977
7164 960961
12416 960941
21125 960937
28278 960931
29335 960889
1161 960863
16678 960833
2984 960829
25604 960809
18551 960803
21246 960793
19063 960763
8907 960737
4546 960709
119 960703
22331 960691
10550 960677
13215 960667
18883 960649
1001 960647
18868 960643
7635 960637
27238 960601
15753 960593
7803 960587
7621 960581
26101 960569
30186 960527
7281 960523
13784 960521
21021 960499
21908 960497
19789 960493
32503 960467
486 960419
18942 960389
29945 960383
18546 960373
30265 960353
17409 960341
9787 960331
27144 960329
14241 960299
14989 960293
2709 960259
31813 960251
32078 960229
17819 960217
24938 960199
27406 960191
17759 960173
25954 960151
31329 960139
5754 960137
16993 960131
18894 960121
12047 960119
30179 960077
16914 960059
11822 960053
8144 960049
28989 960031
29035 960019
7469 960017
14325 959969
25767 959953
8670 959947
12547 959941
15653 959927
576 959921
29661 959911
9196 959887
28157 959879
1596 959873
2715 959869
17625 959867
29690 959863
28983 959831
11542 959809
9318 959801
11417 959779
15560 959773
30805 959759
3597 959737
3516 959723
15962 959719
1774 959689
8601 959681
10576 959677
11319 959659
12748 959627
8413 959617
5165 959603
30950 959597
20015 959579
17829 959561
13373 959533
30903 959489
3316 959479
13293 959477
14817 959473
1436 959471
24343 959467
23633 959461
18576 959449
5434 959389
886 959383
25285 959377
4802 959369
30016 959363
8664 959351
23942 959339
27916 959333
8696 959323
5933 959279
81 959269
7308 959267
27420 959263
22296 959237
2002 959227
25735 959219
23274 959209
1706 959207
31071 959183
5969 959173
4986 959159
13425 959149
2790 959143
11885 959131
5712 959099
20913 959093
18212 959083
11766 959009
10798 958973
20721 958967
16920 958963
22333 958957
21291 958933
3513 958931
29112 958921
28340 958901
4361 958897
24987 958883
32482 958877
6411 958871
22468 958849
2672 958843
8853 958829
5016 958819
30311 958807
17892 958787
25441 958777
19452 958739
24611 958729
17973 958693
18204 958687
6916 958679
2978 958673
25655 958669
19671 958667
9933 958637
23705 958627
12956 958609
17168 958577
12332 958553
19357 958549
22130 958547
20010 958543
20300 958541
16439 958523
18669 958519
13082 958501
25497 958499
20794 958487
26215 958481
14946 958459
15069 958439
24404 958423
28325 958393
16195 958381
13225 958369
15844 958367
23132 958361
16174 958357
