3
1 2 3
1 3 2


3
1 2 3
1 2 3


2
1 2
2 1


8
5 8 1 2 3 4 6 7
1 2 3 4 5 6 7 8


50
41 22 17 36 26 15 10 23 33 48 49 9 34 6 21 2 46 16 25 3 24 13 40 37 35 50 44 42 31 12 29 7 43 18 30 19 45 32 39 14 8 27 1 5 38 11 4 20 47 28
19 6 23 35 17 7 50 2 33 36 12 31 46 21 30 13 47 22 44 4 25 24 3 15 20 48 10 28 26 18 5 45 49 16 40 42 43 14 1 37 29 8 41 38 9 11 34 32 39 27


13
1 2 3 4 5 6 7 8 9 10 11 12 13
2 3 4 5 6 7 8 9 1 11 12 13 10


1
1
1


2
1 2
2 1


3
3 2 1
2 1 3


4
2 1 4 3
3 2 1 4


5
3 5 1 4 2
5 1 4 2 3


6
5 1 4 3 6 2
6 4 2 5 1 3


7
2 1 5 3 7 4 6
4 2 1 5 3 6 7


8
8 3 2 4 1 6 7 5
1 6 8 5 3 7 4 2


9
4 7 6 8 9 2 3 1 5
5 2 1 7 6 3 4 8 9


10
7 10 5 1 3 9 4 6 2 8
4 5 3 2 9 1 8 10 7 6


11
6 1 10 3 7 4 2 9 8 5 11
9 10 3 7 5 8 6 1 2 11 4


12
4 7 11 12 8 5 1 10 9 3 2 6
11 10 7 5 9 4 2 8 6 12 3 1


13
12 8 4 13 6 10 5 11 9 1 2 3 7
9 4 7 10 8 1 6 3 2 5 13 12 11


14
8 14 2 13 10 5 12 6 11 1 3 7 4 9
9 13 10 4 1 2 3 14 6 11 8 5 12 7


15
2 10 9 14 4 13 6 3 12 8 1 7 15 11 5
4 2 5 9 8 12 15 6 14 13 11 3 1 10 7


16
7 13 5 1 10 16 3 2 11 12 14 9 15 6 4 8
13 15 16 11 2 12 5 4 6 7 3 14 8 9 1 10


17
14 8 4 5 12 10 7 6 13 17 2 1 3 9 16 11 15
2 10 9 12 8 14 11 5 1 3 4 6 7 17 15 16 13


18
10 15 9 8 14 6 7 12 18 4 13 1 2 17 3 16 5 11
4 18 10 6 8 3 16 15 17 5 9 13 7 11 1 14 12 2


19
11 10 9 3 5 19 16 14 6 12 13 1 17 7 15 2 8 18 4
9 6 16 15 18 8 19 5 4 7 17 12 3 14 11 13 1 10 2


20
2 16 18 4 3 15 19 12 5 9 17 13 6 1 20 11 10 14 7 8
17 9 7 15 18 12 20 19 11 1 8 5 2 6 10 16 14 13 4 3


21
12 15 2 20 3 18 13 16 21 14 17 4 5 7 1 10 6 11 19 9 8
10 14 7 17 6 4 2 18 3 13 19 11 8 20 5 21 1 15 12 16 9


22
12 17 9 6 3 21 11 7 22 10 20 14 4 15 8 13 18 19 1 16 5 2
17 11 18 2 9 19 1 4 8 5 15 6 16 21 13 14 7 12 3 10 22 20


23
11 19 12 5 16 9 15 2 17 22 23 1 7 4 3 14 20 18 8 13 21 6 10
10 3 15 18 8 7 22 16 9 19 12 5 4 20 13 1 14 6 11 2 17 23 21


24
19 12 3 1 14 5 9 13 16 4 2 22 18 15 23 7 21 17 11 8 6 24 20 10
20 4 5 15 22 17 23 24 6 7 21 2 10 9 8 18 13 12 3 14 1 19 11 16


25
24 2 13 10 8 22 4 7 9 11 1 14 3 20 6 25 23 19 5 17 15 12 21 16 18
5 11 7 17 14 6 21 1 18 9 8 25 12 10 4 2 22 3 20 19 13 16 15 23 24


26
26 9 10 6 19 15 18 12 22 24 20 16 5 4 13 1 2 8 25 14 17 21 3 11 7 23
24 26 11 5 6 16 7 14 17 12 10 23 1 15 2 9 20 25 22 21 18 13 4 3 19 8


27
13 25 11 12 16 18 26 19 15 1 22 8 4 5 10 27 9 23 24 20 14 21 6 7 3 2 17
14 24 25 23 27 17 12 4 1 10 6 13 3 8 11 22 20 7 5 21 16 18 9 2 15 19 26


28
21 23 9 15 12 5 26 11 19 16 7 8 10 1 6 3 13 4 20 14 2 17 28 22 18 24 25 27
24 4 26 28 23 9 25 12 7 21 16 18 8 15 27 22 20 3 6 5 13 10 14 19 2 17 11 1


29
9 2 27 1 3 4 22 21 5 28 6 10 20 18 13 19 11 29 7 14 25 24 8 16 23 15 12 26 17
12 28 18 14 21 24 2 23 20 5 11 19 9 16 26 4 29 8 22 25 17 15 27 10 13 7 1 6 3


30
27 19 16 30 21 15 29 22 14 1 25 9 7 8 26 10 5 24 11 28 12 13 17 18 4 23 6 20 2 3
30 5 18 29 17 8 19 4 16 7 1 12 13 14 10 11 28 22 21 24 20 15 27 9 25 26 3 6 23 2


31
25 11 18 5 8 29 16 3 4 13 26 21 31 12 15 6 14 24 10 28 20 17 30 19 22 27 23 1 2 9 7
28 14 31 20 23 4 19 7 5 12 2 25 26 24 17 8 10 9 1 15 21 6 13 29 30 3 27 16 22 11 18


32
7 12 22 14 8 3 6 11 10 1 28 27 24 30 9 18 21 31 25 19 2 32 4 16 26 15 17 5 20 29 23 13
21 26 18 2 20 1 17 25 13 29 23 22 28 3 30 8 10 4 27 9 11 7 6 19 16 31 14 12 32 15 5 24


33
13 19 1 24 4 8 7 18 6 2 3 33 11 14 26 21 10 29 25 31 5 28 9 22 12 17 20 30 15 27 16 32 23
29 14 22 18 3 2 24 23 32 7 31 15 1 5 9 12 33 21 16 10 17 4 13 30 20 6 28 26 27 19 8 25 11


34
13 33 19 28 5 30 2 7 14 11 4 31 18 25 32 16 8 12 3 26 1 23 10 20 27 24 6 15 21 22 29 34 9 17
25 13 23 7 29 3 9 11 5 32 26 2 8 17 10 30 33 1 21 28 16 14 22 15 18 34 12 19 31 20 27 6 4 24


35
8 12 4 17 29 18 35 30 5 14 3 2 32 6 33 24 27 7 25 11 13 21 26 10 9 15 1 23 28 34 20 31 22 19 16
22 26 24 9 10 16 29 12 27 5 7 23 18 19 30 20 35 33 15 8 31 14 4 6 3 13 34 17 25 32 28 21 2 1 11


36
1 17 14 8 26 5 23 18 21 6 24 9 25 15 29 16 35 30 28 11 27 12 3 36 7 22 32 19 20 34 10 4 13 31 33 2
33 29 2 3 21 34 24 16 36 23 30 25 18 26 4 10 17 35 31 8 11 14 20 28 22 27 19 12 9 13 15 32 7 6 5 1


37
25 21 18 33 30 16 8 4 9 22 31 1 34 2 20 14 27 29 32 23 7 12 19 37 3 36 5 13 35 11 24 17 10 26 15 28 6
3 5 33 11 27 4 36 29 35 14 34 18 1 31 13 20 12 22 17 19 6 16 8 24 37 7 30 9 26 21 15 10 25 28 23 32 2


38
33 11 22 13 28 23 14 37 12 21 24 9 5 4 36 38 6 26 35 27 7 34 18 30 2 17 16 19 31 1 3 32 10 15 8 25 29 20
34 26 9 36 33 8 19 23 16 11 21 14 6 12 24 37 18 35 3 10 25 30 38 7 17 4 15 27 13 22 1 31 20 29 28 2 32 5


39
1 6 37 19 8 26 30 33 28 2 21 14 39 23 36 35 25 18 34 29 11 5 13 20 4 7 12 38 15 31 9 17 16 27 32 24 10 3 22
9 25 5 34 20 22 18 12 19 36 14 13 6 16 39 32 30 31 8 24 7 10 35 33 2 1 3 26 37 11 28 21 38 15 27 23 4 29 17


40
35 37 10 6 20 11 18 22 12 32 9 25 8 4 38 39 3 30 13 7 40 26 29 2 24 31 15 36 28 1 16 19 27 17 23 21 34 33 5 14
25 9 20 4 34 3 10 14 33 6 1 27 13 18 37 32 17 40 35 36 31 22 30 39 2 8 21 24 15 12 28 7 38 19 11 23 29 26 16 5


41
25 27 8 26 31 10 13 41 4 12 29 19 9 24 6 14 39 21 34 15 7 40 32 3 20 36 18 35 22 2 30 17 23 11 28 38 33 5 37 16 1
13 8 41 1 14 20 10 19 33 5 2 21 6 27 15 7 32 40 16 30 28 25 9 12 29 37 23 26 18 38 11 22 35 31 4 34 3 36 17 39 24


42
9 16 17 26 1 28 30 31 20 8 25 2 35 19 33 15 41 10 24 29 22 4 37 23 18 34 42 40 13 6 12 27 38 21 36 5 14 3 32 39 11 7
25 32 26 37 27 33 1 28 9 6 4 29 30 42 41 8 16 38 35 10 21 31 11 17 40 18 2 7 22 19 24 3 34 12 20 36 39 23 14 15 5 13


43
38 37 6 19 30 26 43 33 12 13 4 3 35 29 1 39 23 8 2 11 34 28 31 25 10 9 21 17 7 27 16 24 5 22 40 41 20 32 36 15 42 14 18
13 23 26 31 5 7 28 15 21 6 8 35 9 20 38 19 29 2 18 16 3 17 14 42 34 11 10 27 22 37 41 30 36 33 25 32 12 39 40 4 1 24 43


44
13 44 30 10 31 2 36 34 38 23 16 7 12 35 15 5 14 39 11 28 41 3 22 43 33 37 42 21 40 24 25 18 29 6 1 27 8 19 4 17 20 32 26 9
38 29 9 26 34 7 8 16 18 28 40 43 2 13 10 3 32 42 6 21 23 4 37 20 36 35 11 33 1 39 14 17 27 31 30 19 12 15 41 5 24 44 22 25


45
10 33 28 2 43 44 34 39 12 19 45 31 18 16 26 7 21 40 8 35 42 32 14 4 1 5 36 20 3 6 24 22 27 9 23 38 30 11 25 17 29 37 41 13 15
11 35 20 23 39 28 38 3 33 42 37 1 9 26 19 8 24 30 43 4 29 36 6 15 25 16 22 12 18 21 45 17 14 5 27 13 41 40 32 2 34 44 7 31 10


46
14 31 37 13 40 33 15 39 5 43 24 4 9 26 28 19 18 46 11 42 6 36 12 17 21 20 34 27 7 30 23 8 10 2 32 35 3 41 1 16 44 29 22 45 38 25
12 21 8 17 24 1 25 43 41 42 28 46 35 23 44 40 15 34 3 7 39 20 27 2 14 19 16 22 4 29 5 18 33 9 30 37 31 6 26 11 13 10 38 32 36 45


47
23 27 46 7 13 32 24 6 35 8 40 5 18 41 44 17 16 4 20 10 2 42 22 14 29 3 39 15 21 28 1 45 12 34 9 30 31 26 36 38 33 25 47 37 43 11 19
32 21 22 46 11 42 6 36 20 9 24 4 41 25 10 39 23 40 43 47 16 26 30 37 12 19 13 27 5 14 31 29 44 33 2 1 45 34 28 3 17 15 35 8 18 38 7


48
35 40 15 17 27 29 13 37 7 39 8 6 46 3 20 10 1 9 19 41 11 22 24 31 32 33 23 14 16 2 44 34 48 26 28 47 45 42 36 4 5 25 43 12 38 21 30 18
34 44 20 12 9 8 33 6 45 36 42 3 38 40 13 35 26 32 28 30 14 2 23 46 22 18 27 39 11 4 41 37 24 16 43 31 1 21 10 25 48 7 15 47 5 19 29 17


49
10 11 36 14 17 49 12 27 48 6 38 25 24 35 40 47 37 28 3 44 45 13 2 16 26 34 7 20 5 41 42 39 15 19 32 30 29 23 46 8 33 4 31 9 21 22 1 18 43
5 1 39 16 21 3 35 23 34 4 2 14 42 11 48 27 9 31 17 36 18 32 10 47 8 15 12 44 30 49 7 28 6 25 40 13 41 26 33 45 20 22 38 43 37 24 29 46 19


50
48 26 45 38 28 1 50 23 11 3 5 36 19 31 41 49 35 40 32 14 43 30 47 44 16 20 17 39 27 21 6 10 2 15 25 13 37 4 18 12 34 46 7 8 22 9 29 33 24 42
46 14 36 28 9 43 8 10 13 42 49 30 38 34 40 31 47 39 35 50 20 23 44 45 26 17 5 11 12 41 4 21 18 19 2 7 22 37 32 3 25 15 24 33 48 1 27 29 16 6


50
41 22 17 36 26 15 10 23 33 48 49 9 34 6 21 2 46 16 25 3 24 13 40 37 35 50 44 42 31 12 29 7 43 18 30 19 45 32 39 14 8 27 1 5 38 11 4 20 47 28
19 6 23 35 17 7 50 2 33 36 12 31 46 21 30 13 47 22 44 4 25 24 3 15 20 48 10 28 26 18 5 45 49 16 40 42 43 14 1 37 29 8 41 38 9 11 34 32 39 27


50
10 36 27 45 8 23 7 3 1 42 32 19 35 48 33 24 2 34 43 6 37 11 14 49 44 26 13 39 25 47 22 12 15 4 29 17 46 30 50 21 9 41 20 31 28 38 18 5 16 40
22 9 48 36 11 13 40 23 45 37 41 30 49 3 1 26 15 47 43 46 35 12 18 10 38 17 34 28 8 2 50 19 33 32 24 21 14 29 20 4 39 6 27 42 16 31 25 44 5 7


50
10 32 39 15 21 48 33 41 14 12 27 3 25 49 2 9 24 11 38 34 45 28 4 35 19 29 22 46 37 47 36 42 5 16 31 40 8 6 43 18 23 44 1 20 30 7 17 13 26 50
45 35 4 37 15 20 42 30 44 5 21 29 12 25 8 27 33 18 46 36 49 17 39 13 6 50 48 28 43 9 2 16 19 32 10 41 26 24 23 1 7 3 31 40 38 22 14 34 47 11


50
42 14 2 13 33 6 43 46 49 5 40 27 20 19 8 30 35 18 39 1 41 45 29 47 25 21 37 36 34 3 50 17 32 7 10 15 44 38 28 11 12 48 4 24 31 26 23 22 9 16
32 42 37 39 40 49 21 22 18 50 16 28 47 9 3 48 6 17 2 7 29 11 31 1 30 26 14 8 45 10 13 38 24 27 41 15 36 19 34 43 23 12 25 33 44 46 35 4 5 20


50
36 1 14 7 46 2 16 31 39 24 47 43 30 23 12 22 4 28 27 17 13 10 11 44 15 29 35 25 48 8 20 18 34 45 9 6 26 33 41 49 50 42 5 32 37 19 38 3 21 40
21 22 4 15 37 23 1 6 45 9 44 30 7 18 34 47 5 20 49 43 41 50 19 33 36 40 13 12 25 14 16 10 17 26 28 3 46 42 11 35 32 2 8 24 39 29 48 27 38 31


50
14 10 41 35 32 28 48 6 40 30 47 25 18 15 31 4 49 45 36 27 20 26 19 1 11 50 34 22 21 8 13 23 37 12 42 39 7 5 3 29 24 33 16 44 46 9 43 2 38 17
5 35 32 6 41 44 2 40 43 13 27 36 19 48 28 22 9 45 21 37 20 4 17 26 38 50 34 39 7 8 31 46 23 10 33 1 12 3 42 14 49 30 11 18 29 16 15 25 47 24


50
23 46 36 16 18 33 42 8 44 35 34 21 30 15 9 3 11 5 37 27 6 38 39 17 40 14 12 48 24 32 26 50 7 47 49 13 1 41 2 22 10 19 4 45 28 43 20 25 31 29
37 14 32 5 50 36 26 43 49 20 41 19 7 47 28 45 21 40 42 11 18 38 24 9 10 33 3 48 1 15 6 35 27 34 17 2 30 22 39 31 46 8 4 44 23 12 16 13 29 25


50
19 38 43 30 7 9 2 18 5 22 17 13 34 47 10 11 6 39 26 25 45 49 44 23 37 16 4 33 42 36 20 32 41 50 12 27 14 24 3 40 1 8 28 29 31 35 15 46 21 48
25 22 34 15 29 14 20 6 43 30 11 32 50 35 16 13 18 39 36 38 27 26 2 1 10 7 46 8 49 47 31 28 9 3 5 37 44 24 42 19 40 17 41 23 12 45 48 33 21 4


50
50 32 26 13 43 2 6 40 9 8 22 29 10 27 20 1 23 47 30 14 48 31 25 28 19 36 12 21 16 42 3 39 35 41 18 4 34 44 7 45 46 37 17 24 33 5 38 49 15 11
47 8 46 27 33 31 2 34 16 44 20 22 10 28 43 7 15 11 32 26 12 35 50 36 49 45 19 5 1 48 37 38 40 17 41 13 9 24 29 6 39 3 42 23 18 21 14 30 25 4


50
35 8 2 14 9 48 12 43 19 31 10 11 20 38 21 50 13 33 41 3 18 27 17 37 16 34 6 15 44 4 36 46 39 7 42 28 29 1 47 49 45 24 23 25 40 30 5 22 32 26
47 30 31 1 45 34 18 15 23 26 20 48 43 35 14 38 29 3 32 6 21 8 19 36 13 44 9 10 33 37 24 17 28 27 49 50 40 7 39 12 4 16 41 46 5 22 42 11 25 2


50
45 2 14 24 12 21 10 25 46 48 7 4 31 47 27 18 49 50 39 30 20 9 41 44 38 5 8 33 19 16 17 6 23 40 35 36 26 42 3 32 22 34 29 15 37 43 1 13 28 11
11 28 7 41 38 8 14 45 47 39 9 37 30 32 43 46 12 21 42 1 35 6 2 40 36 26 4 33 25 29 22 48 27 15 49 44 31 17 20 24 19 3 16 13 50 23 18 5 34 10


45
1 2 3 4 5 6 7 8 9 10 11 12 13 14 15 16 17 18 19 20 21 22 23 24 25 26 27 28 29 30 31 32 33 34 35 36 37 38 39 40 41 42 43 44 45
23 24 25 10 36 37 38 39 40 44 45 15 16 17 18 19 33 34 35 8 9 1 2 26 27 28 31 32 14 3 29 30 4 5 6 7 11 12 13 41 42 43 20 21 22


50
1 2 3 4 5 6 7 8 9 10 11 12 13 14 15 16 17 18 19 20 21 22 23 24 25 26 27 28 29 30 31 32 33 34 35 36 37 38 39 40 41 42 43 44 45 46 47 48 49 50
2 3 4 5 6 7 8 9 10 11 12 13 14 15 16 17 18 19 20 21 22 23 24 25 26 27 28 29 30 31 32 33 34 35 36 37 38 39 40 1 41 43 44 45 42 47 46 49 50 48


1
1
1


50
41 22 26 36 17 15 10 23 33 48 49 9 34 6 21 2 46 16 25 3 24 13 40 37 35 50 44 42 31 12 29 7 43 18 30 19 45 32 39 14 8 27 1 5 38 11 4 20 47 28
19 6 23 35 17 7 50 2 33 36 12 31 46 21 30 13 47 22 44 4 25 24 3 15 20 48 10 28 26 18 5 45 49 16 40 42 43 14 1 37 29 8 41 38 9 11 34 32 39 27

2
635201 745836 
691096 691096 
2
640232 367907 
640232 367907 
2
88868 594847 
381886 594847 
3
664890 171922 702667 
722584 722584 171922 
3
897042 476386 174383 
897042 174383 175098 
3
573464 573464 798166 
798166 592351 592351 
5
241124 806725 701794 418841 418841 
758045 758045 497146 497146 475147 
5
614983 614983 818643 818643 514824 
98544 353811 353811 98544 514824 
5
694008 694008 610925 93796 548265 
392875 704912 997879 610925 93796 
50
409125 480107 480107 958403 958403 97150 64709 708721 571987 569889 924965 924965 996342 996342 723884 208848 952671 428795 228080 228080 558219 558219 744459 956968 106484 735983 833012 889853 889853 119099 703936 703936 777358 871829 871829 275393 275393 455037 962980 405867 27024 330831 805620 805620 47709 361795 361795 224967 516518 516518 
139759 139759 649394 649394 97150 64709 708721 611975 611975 571987 569889 260096 260096 559795 559795 723884 208848 952671 428795 344672 344672 744459 956968 106484 735983 903764 903764 833012 119099 698136 698136 777358 178242 178242 254259 254259 455037 962980 405867 27024 51368 51368 330831 47709 409125 958299 484638 484638 224967 747596 
50
853471 118254 435058 995 344653 344653 233733 796018 67425 67425 568413 466316 42618 259311 688676 204639 385043 385043 754418 615961 267896 468514 468514 905642 337114 386644 758615 758615 374559 278109 572172 126791 948265 886689 194217 35176 353005 353005 755335 612316 178031 473334 473334 809959 227751 178031 501995 213070 412365 165753 
259311 853471 118254 435058 995 233733 670156 670156 796018 568413 466316 42618 987247 987247 294101 294101 204639 754418 615961 267896 501942 501942 905642 337114 307820 307820 612316 227519 227519 374559 278109 572172 126791 948265 886689 194217 35176 755335 22422 22422 424916 424916 43570 43570 809959 227751 646545 407139 407139 412365 
50
876407 317746 317746 666896 666896 574251 400995 864523 517024 517024 227903 938476 72143 72143 310640 345509 810281 827736 564677 564677 763596 789069 602191 602191 820616 53462 644919 739889 678375 809966 809966 73280 73280 646211 903750 738962 304744 604699 604699 340267 351101 351101 278742 107881 287253 287253 497965 370429 614758 247009 
278742 876407 697331 697331 574251 400995 864523 43825 43825 227903 953989 953989 938476 913911 913911 310640 345509 810281 827736 996103 996103 763596 789069 865880 865880 820616 53462 644919 739889 678375 206419 206419 646211 903750 740176 740176 738962 304744 782787 782787 340267 255275 255275 370429 107881 497965 935618 935618 159497 668220 
50
543060 909701 246342 517330 517330 613522 245550 245550 207873 648922 702281 893757 252984 252984 59532 308871 706364 696877 858044 569460 300480 300480 89242 804429 804429 998943 616149 907869 34772 895139 521391 280322 103011 170312 501102 501102 58327 589509 589509 636359 636359 574863 574863 902775 201571 494712 494712 583954 52411 654668 
909701 293221 293221 246342 760491 760491 613522 207873 648922 702281 893757 30915 30915 543060 387199 706364 503978 503978 696877 858044 569460 130607 130607 89242 143027 143027 998943 616149 907869 34772 895139 521391 280322 103011 170312 515267 883735 58327 297957 297957 495207 495207 902775 201571 883735 260277 260277 40354 583954 960280 
50
58373 12624 909369 857918 152170 804607 804607 46815 355251 198678 77001 497808 523693 788672 55624 299355 371301 124824 107079 107079 472900 33841 647236 34467 990312 226475 709289 966644 803348 803348 618657 768441 770827 147667 147667 333755 590630 532434 721579 88437 56126 56126 632680 630250 516482 516482 932036 1550 548635 108630 
12624 909369 857918 965094 965094 152170 46815 355251 924463 924463 198678 77001 497808 55624 299355 371301 124824 98100 98100 472900 33841 647236 34467 990312 435520 435520 226475 709289 966644 618657 824562 824562 768441 770827 333755 644577 644577 590630 532434 721579 88437 209311 209311 632680 630250 932036 1550 159805 159805 548635 
50
552731 278812 984499 889309 889309 469533 469533 19855 503203 777531 367473 674848 674848 809572 738657 419279 588495 40486 562446 562446 76309 592985 133065 133065 341809 544509 544509 325952 32247 529695 529695 779984 779984 549550 801686 801686 327081 476533 136652 136652 414311 725147 725147 108556 399077 760121 760121 870920 121308 666204 
278812 199153 199153 984499 592155 592155 19855 663462 663462 503203 777531 367473 809572 738657 419279 588495 40486 519783 519783 76309 558018 558018 592985 341809 827778 827778 552731 875365 310450 310450 185172 185172 549550 848634 848634 327081 734606 734606 476533 473262 473262 414311 32247 10611 108556 399077 870920 745354 666204 121308 
50
342175 150458 646545 646545 307304 245779 245779 369301 369301 966322 980510 652625 885056 57354 133637 133637 625886 189342 271051 271051 828679 621427 411699 683922 683922 677593 677593 989669 559799 538267 140126 26065 447431 447431 452122 335231 937068 589568 311181 159897 159897 723205 545795 450174 450174 52472 355748 514393 514393 545795 
411699 342175 150458 969300 969300 307304 901053 901053 966322 980510 248812 248812 652625 885056 57354 625886 943100 943100 189342 828679 621427 629131 629131 88137 248636 248636 989669 559799 538267 140126 206343 206343 26065 452122 927118 927118 102543 102543 589568 311181 723205 937068 208118 208118 52472 355748 861874 861874 748025 748025 
50
903254 77561 77561 767994 136716 136716 795069 228763 88668 88668 441840 441840 897428 989173 299645 299645 378972 858712 501664 687063 474107 474107 67398 190914 741156 741156 139260 893114 544047 544047 508280 508280 640017 667053 563809 589842 792573 197009 197009 650844 752912 640017 537488 895745 895745 101299 101299 246317 505972 802421 
359206 359206 767994 763800 763800 795069 548766 548766 228763 398026 398026 897428 989173 765615 765615 378972 858712 501664 111988 111988 687063 78341 78341 67398 190914 139260 723156 723156 893114 312533 312533 903254 667053 563809 589842 734319 734319 792573 650844 752912 94436 94436 895738 537488 649476 649476 888351 888351 826457 505972 
50
296127 17458 320763 287893 248858 804917 304130 304130 559198 559198 646966 465432 597637 597637 564278 913712 940900 986347 986347 548147 994409 522546 999866 690808 690808 491570 491570 166966 560748 375374 375374 74479 663267 799055 475593 475593 723848 941025 941025 321484 569208 373236 28606 28606 105202 576618 146248 563298 147434 147434 
17458 320763 371555 371555 287893 248858 804917 521910 521910 237951 237951 646966 465432 564278 913712 177959 177959 940900 87259 87259 548147 994409 522546 999866 578255 578255 631071 631071 166966 550197 74479 663267 799055 397896 105202 723848 486430 486430 321484 569208 373236 17943 17943 359582 359582 146248 563298 724503 891470 891470 
50
663099 663099 677099 587227 587227 400942 980795 321299 321299 212958 183957 183957 39515 492846 571944 933976 933976 148824 84075 408051 460696 460696 666992 233637 233637 422051 422051 455697 293136 449459 841073 474734 474734 518171 518171 525353 17464 160003 365151 365151 230422 67608 788437 788437 88222 88222 360381 380114 87020 464189 
464189 156453 156453 677099 400942 980795 98042 98042 212958 274790 274790 39515 492846 20614 20614 571944 148824 208140 208140 84075 408051 666992 321724 321724 41208 41208 455697 224668 224668 293136 449459 841073 124411 124411 61961 61961 525353 17464 160003 230422 953293 953293 67608 446139 446139 360381 380114 755547 755547 87020 
