10
1 1 1
0
1
212 348 298
1 1 1 1 1 1 1 1 1 1 1 1 1 1 1 1 1 1 0 1 1 0 1 1 1 1 1 0 0 1 1 1 0 1 1 1 1 1 1 0 1 1 0 1 1 1 1 1 1 0 1 1 1 1 0 1 1 1 0 0 1 1 1 1 1 1 1 1 1 1 0 1 1 1 1 1 1 1 1 1 1 1 1 0 0 0 0 1 1 1 1 1 1 1 1 1 1 1 1 1 0 0 1 1 1 1 0 1 1 1 1 0 1 0 1 1 1 1 0 1 1 1 1 1 1 1 1 1 1 1 0 1 1 1 1 0 1 1 1 1 1 1 1 1 1 1 1 1 1 1 0 1 1 1 1 1 1 1 1 0 0 1 1 1 1 1 1 1 1 0 1 1 1 1 1 0 1 0 1 1 0 1 1 1 1 1 1 1 1 1 1 1 1 1 1 1 1 1 1 1 1 0 1 1 1 1 1 1 0 1 1 1
1 1 1 1 0 1 1 1 1 1 1 0 1 0 1 1 0 1 1 1 1 0 1 1 1 1 1 1 1 1 0 1 1 1 1 0 1 1 1 1 1 1 1 1 1 1 1 0 1 0 1 1 1 1 1 1 0 0 1 1 0 1 0 1 1 0 1 1 0 0 0 1 1 0 0 1 1 1 1 1 0 1 1 0 1 1 1 1 1 0 1 1 0 0 1 1 1 1 1 1 1 1 1 1 1 1 1 1 1 0 1 1 1 1 1 1 1 0 1 1 1 1 1 1 0 1 1 0 0 1 1 0 1 0 1 0 1 0 1 0 1 1 1 1 1 1 1 1 1 1 1 0 1 1 1 1 1 1 1 1 0 1 1 1 1 1 1 1 1 1 1 1 1 0 1 1 0 1 1 1 1 1 1 1 1 1 1 1 1 1 1 1 1 1 0 0 1 1 1 1 1 0 1 1 1 1 0 1 0 1 1 1
931 223 103
0 0 0 0 0 0 0 0 0 0 0 0 0 0 0 0 0 0 1 0 0 0 0 0 0 0 0 0 0 0 0 0 0 0 0 0 0 1 0 0 0 0 0 0 0 0 0 0 0 1 0 0 0 0 0 0 0 0 1 0 0 0 0 0 0 0 1 0 1 0 0 0 0 1 0 0 0 1 0 1 0 0 0 0 0 0 0 0 1 0 0 1 0 0 0 0 1 0 0 0 0 0 0 0 0 0 0 0 0 0 0 0 0 0 0 0 0 0 0 0 0 0 0 0 0 0 0 0 1 0 0 0 0 0 0 0 1 0 0 0 1 1 0 0 0 0 0 0 0 0 0 0 0 0 0 0 1 0 0 1 0 0 0 0 0 0 0 0 0 0 0 0 0 0 0 0 0 1 0 0 0 0 0 0 0 0 0 0 0 0 1 0 0 0 0 0 0 0 1 0 0 0 0 0 1 0 0 0 0 0 0 0 0 1 0 0 0 0 0 0 0 0 0 0 0 0 1 0 0 0 0 0 0 0 0 0 0 0 1 0 1 0 0 1 1 0 0 0 0 0 0 0 0 0 0 0 0 0 1 0 0 0 0 0 0 0 0 0 0 0 0 0 0 0 0 0 1 0 0 0 0 1 0 0 0 0 1 0 0 0 0 0 0 0 1 0 0 0 0 0 0 0 0 0 0 0 1 0 0 0 0 1 0 0 0 0 0 0 0 0 0 0 0 0 0 0 0 0 0 1 0 0 1 1 0 0 0 1 0 1 1 0 0 0 0 0 0 0 0 0 0 0 0 0 0 0 0 0 0 0 0 0 0 0 0 0 0 0 0 0 0 0 0 0 1 0 0 0 0 0 0 1 0 0 0 0 0 0 0 0 0 0 0 0 0 1 0 0 0 0 0 1 0 0 0 0 0 0 0 0 0 0 0 0 0 0 0 0 0 0 0 0 0 0 0 0 0 0 1 0 1 0 0 0 0 0 0 0 0 0 0 1 0 0 0 0 0 0 0 0 1 0 0 0 0 0 0 0 1 0 0 1 0 0 0 0 0 0 0 0 0 0 0 0 0 1 0 1 0 0 0 0 0 0 0 1 0 0 0 0 0 0 1 0 0 0 0 0 0 0 0 0 0 0 0 0 0 0 0 1 0 0 0 0 0 0 1 0 0 0 0 0 0 1 0 0 0 0 0 0 0 0 0 0 0 0 0 0 0 0 1 0 0 0 0 0 0 0 0 0 1 0 1 0 0 0 0 0 0 0 0 0 0 0 0 0 0 1 0 0 0 0 0 0 0 0 0 0 0 0 1 0 0 0 1 0 0 0 0 0 0 0 0 0 0 1 0 0 0 0 0 0 0 0 0 0 0 0 0 0 0 0 0 0 0 0 0 1 0 0 0 0 0 1 0 0 0 1 0 1 0 1 0 0 0 0 0 0 0 0 0 0 0 1 0 1 0 0 0 0 0 0 1 0 0 0 0 0 0 0 0 0 0 0 0 0 0 0 0 0 0 0 0 0 0 0 0 0 0 1 0 0 0 0 0 0 0 0 0 0 1 0 0 0 0 0 0 0 0 0 0 0 0 0 0 1 0 0 0 0 0 0 0 0 0 1 0 0 0 0 0 0 0 0 0 0 0 0 0 0 0 1 1 0 0 0 0 0 0 0 1 0 0 0 0 0 0 0 0 0 0 0 0 0 0 0 0 0 0 0 0 0 0 0 0 0 0 1 0 0 1 0 0 0 1 0 0 0 0 0 0 0 0 0 0 0 0 0 0 0 0 1 0 1 1 0 0 0 0 0 0 0 0 1 0 0 0 0 0 1 1 1 1 1 0 0 1 0 0 0 1 0 0 0 0 0 0 0 1 0 0 0 1 0 0 1 0 0 0 0 0 0 0 0 1 0 0 0 1 0 1 1 0 0 0 0 0 0 0 0 0 0 0 0 0 0 0 0 0 0 0 1 0 1 0 0 0 0 0 0 0 1 0 1 1 0 1 0 0 0 0 0 0 0 1 0 0 0 0 1 0 0 0 0 0 1 0 0 0 1 0 0 0 0 1 0 0 0 0 0 0 0 1 0 0 0 0 1 0 0 0
0 0 0 0 0 0 0 0 0 0 0 0 0 0 0 0 0 0 0 0 0 0 1 0 0 0 0 1 0 0 1 0 0 0 0 0 0 0 0 0 0 0 1 0 0 1 0 0 0 0 0 0 0 0 0 1 1 0 1 0 0 0 0 0 0 0 0 0 0 0 0 0 0 0 0 0 1 0 0 0 0 1 0 0 0 0 0 0 0 0 0 0 0 0 0 0 0 0 0 0 0 0 0 1 0 0 0 0 0 0 0 0 0 0 0 0 0 1 0 0 1 0 0 1 0 0 0 0 0 0 0 0 0 0 0 0 0 0 0 0 0 0 0 0 0 0 0 0 0 0 1 0 0 1 0 0 0 0 0 0 0 1 0 0 0 0 0 1 0 0 1 0 1 0 1 0 0 0 0 0 0 0 0 0 0 0 0 0 0 1 0 0 0 0 0 0 0 1 0 0 0 0 0 0 0 0 0 0 1 0 0 0 0 1 0 0 0 0 0 0 0 0 0 0 1 0 0 0 0 0 1 0 1 0 0 0 0 0 0 0 0 0 0 0 0 0 0 0 0 0 1 0 0 1 0 0 0 1 0 0 0 0 0 0 0 0 0 0 0 0 1 1 0 0 0 0 0 0 0 0 0 0 0 0 0 0 1 0 0 1 0 0 0 0 1 0 0 0 0 0 0 0 0 0 0 0 1 1 0 1 0 0 0 0 0 0 0 0 0 0 0 0 0 0 0 0 0 0 0 0 0 0 0 0 0 0 0 0 0 0 0 0 0 0 0 0 0 0 1 0 1 0 0 0 1 0 0 0 0 0 0 1 0 0 0 0 0 0 0 0 0 1 0 0 0 0 0 0 0 0 0 0 0 0 0 0 0 1 0 0 0 0 0 0 0 0 1 0 0 0 0 0 1 0 0 0 0 0 0 0 0 0 1 0 0 0 0 0 0 0 0 0 0 1 0 0 0 0 0 0 0 0 0 0 0 0 1 1 1 0 0 0 0 0 0 0 0 0 0 1 0 0 0 0 0 0 0 0 1 0 0 0 0 0 0 0 0 0 0 0 0 0 0 0 1 0 0 0 0 0 0 0 0 0 0 0 1 0 0 0 0 0 0 1 0 1 0 0 0 0 1 0 0 0 0 0 0 0 0 1 0 0 0 0 0 0 0 0 0 0 0 0 0 1 1 0 0 0 0 0 1 1 1 0 0 0 0 0 0 0 0 0 0 0 0 1 0 1 0 0 0 0 0 0 0 0 0 0 0 0 0 0 0 0 0 1 0 0 1 1 0 0 0 1 1 0 1 0 0 1 0 0 0 0 0 0 0 0 0 0 0 0 0 0 0 0 0 0 0 0 0 1 0 0 0 0 0 1 1 0 0 0 1 0 0 0 0 0 0 0 0 0 0 0 0 0 0 0 0 0 0 0 0 0 1 0 0 0 0 0 0 0 0 0 1 1 0 0 1 0 0 0 0 0 0 0 0 0 0 0 0 0 0 0 0 0 0 0 0 0 0 0 0 0 0 0 0 0 1 0 0 0 0 0 0 0 0 0 0 0 0 0 0 0 0 0 0 0 0 0 0 0 1 0 0 0 0 0 0 1 0 0 1 0 1 0 0 0 0 0 0 0 0 0 0 0 0 0 1 0 0 0 0 0 0 0 0 0 0 0 0 0 0 0 1 0 0 0 1 0 0 0 0 0 0 0 0 0 0 0 1 0 1 0 1 0 0 0 0 1 1 0 0 0 0 0 0 0 0 0 0 0 0 0 0 0 0 0 0 1 0 0 0 0 0 0 0 0 0 0 0 0 0 0 0 0 0 0 0 0 0 0 0 0 0 0 0 0 0 0 0 0 0 0 0 0 0 0 0 1 0 0 0 1 0 0 0 0 0 0 0 0 0 0 0 0 0 0 0 0 0 0 0 1 0 0 0 0 0 1 0 1 0 0 1 0 0 0 0 1 0 0 0 0 0 0 0 0 0 0 0 0 0 0 0 0 0 0 0 0 1 0 0 0 0 0 1 0 0 0 0 1 0 0 0 0 0 0 0 0 0 1 0 0 0 0 0 0 1 0 1 0 0 0 0 0 0 0 0 0 0
160 257 203
1 1 1 1 1 1 1 1 1 1 1 1 1 1 1 1 1 1 1 1 1 0 1 0 1 1 1 1 0 1 1 1 1 1 0 1 1 0 1 1 1 1 1 0 1 0 1 1 1 1 1 1 1 1 1 1 0 1 1 1 1 1 1 1 1 1 1 1 1 1 1 1 1 1 0 1 0 1 1 1 1 1 0 1 1 1 0 1 0 1 1 1 1 1 1 0 1 1 0 1 1 0 1 0 0 0 1 1 1 0 1 0 1 1 1 1 1 1 1 1 1 1 1 1 0 1 1 1 1 1 1 1 1 0 1 1 1 1 1 1 1 0 1 0 0 1 1 0 1 0 1 1 1 1 1 1 1 1 1 1
0 1 0 1 0 1 1 1 1 1 0 0 1 1 1 1 1 0 1 0 1 0 1 1 0 1 0 1 1 1 1 1 1 1 0 1 1 1 1 1 1 1 1 1 1 1 1 1 1 0 0 1 1 1 0 1 1 1 1 0 1 1 0 1 1 1 1 1 1 1 1 1 1 1 1 1 1 0 0 0 1 1 1 1 1 1 1 1 0 1 1 0 0 1 1 1 1 1 0 1 0 1 1 0 1 1 1 1 0 1 1 1 1 0 1 1 0 0 1 1 1 1 1 0 1 1 1 1 1 1 1 0 1 1 1 1 1 1 1 1 1 1 1 1 1 1 1 0 0 1 0 1 1 1 1 1 1 0 1 1
226 336 80
1 1 1 1 1 1 0 1 1 0 1 0 1 1 1 1 1 0 0 1 0 1 1 0 0 0 0 1 1 0 1 1 1 1 1 1 1 0 1 1 1 1 1 1 1 0 1 1 1 1 0 1 1 1 1 0 0 1 1 1 0 1 0 0 1 1 1 1 1 0 1 1 1 1 0 1 1 0 0 0 1 0 1 1 1 1 1 1 1 1 0 1 1 1 1 1 0 1 1 1 0 1 1 1 0 1 1 1 1 1 1 1 0 1 1 1 1 1 1 0 1 0 1 1 1 1 0 1 0 0 1 0 0 1 1 1 1 1 0 1 1 1 1 0 1 0 0 1 1 1 1 1 1 0 0 1 1 0 1 0 0 1 1 1 1 1 1 1 0 0 0 1 1 0 1 1 1 1 0 1 0 1 1 1 1 1 1 1 1 0 0 1 0 1 1 1 1 1 1 1 1 1 1 1 1 1 1 1 1 1 1 0 1 0 1 1 1 1 1 1 1 1 1 1 0 1
1 0 1 0 0 1 1 0 1 1 1 1 1 1 0 1 1 1 1 1 1 1 0 1 0 1 1 1 0 1 0 1 1 0 1 0 0 1 1 0 0 1 1 0 1 0 0 0 1 1 0 1 1 1 0 1 1 0 1 1 1 1 0 1 1 1 1 1 1 1 0 0 1 0 1 1 0 0 1 1 0 1 1 1 0 1 1 1 1 1 0 1 0 1 1 1 1 0 1 1 1 1 1 1 1 1 1 1 0 1 1 0 1 1 1 1 1 1 1 1 1 0 1 1 1 1 1 1 1 1 0 1 0 1 1 1 1 1 0 1 1 0 1 1 1 0 1 0 1 1 0 1 0 1 0 1 1 1 1 1 0 1 0 1 0 1 0 1 1 1 1 1 1 1 0 1 1 1 1 1 1 1 1 1 1 1 0 1 1 1 1 1 1 1 1 1 1 1 0 1 1 1 1 0 0 1 1 1 1 1 0 1 1 0 0 1 1 1 0 1 1 1 1 1 0 1
128 217 207
0 1 0 1 0 1 1 1 1 1 1 1 1 0 1 1 1 1 1 0 1 0 1 1 1 1 1 0 1 1 1 1 1 1 1 1 1 1 1 1 1 1 1 0 1 1 1 0 1 0 1 1 1 0 1 0 1 1 1 1 1 1 1 1 1 0 1 0 1 1 1 1 1 1 1 1 1 1 1 0 0 0 1 1 1 1 1 1 1 1 1 1 1 1 0 1 0 1 1 1 0 1 1 1 0 1 0 1 1 0 1 1 0 1 1 1 1 1 1 1 1 1 1 0 1 1 1 1
1 1 1 1 1 1 1 1 1 0 1 1 1 1 1 1 1 1 1 1 1 1 0 1 1 1 1 1 1 1 1 1 1 1 0 1 1 1 1 1 1 1 1 1 1 1 0 1 1 1 1 1 1 1 1 1 1 1 1 1 1 1 1 1 1 0 1 1 1 1 1 1 1 1 1 1 1 1 1 1 1 1 1 0 1 1 1 1 1 1 1 0 1 1 1 0 1 1 1 1 1 1 1 1 1 1 1 1 1 1 1 0 1 0 1 0 1 1 1 1 0 0 0 1 1 1 1 1
896 450 162
0 0 0 0 1 1 0 0 0 1 0 0 0 0 0 1 1 0 0 0 0 0 0 0 0 0 0 1 0 0 0 0 0 0 1 0 0 1 0 0 0 0 0 1 0 0 0 0 1 0 1 0 0 1 1 0 0 1 1 1 0 0 0 0 0 0 0 0 0 0 1 0 0 0 1 1 0 0 1 0 0 0 0 0 0 0 0 0 0 0 0 0 1 0 0 1 0 1 0 0 0 1 0 1 0 0 0 0 1 0 0 0 0 0 1 0 0 0 1 0 0 0 1 0 0 0 0 0 0 1 0 0 0 0 0 1 0 0 1 0 1 0 0 0 0 1 0 0 0 0 1 0 0 1 1 0 0 0 1 0 0 1 0 0 0 0 0 0 0 0 0 0 0 0 0 0 0 1 0 0 0 0 1 1 1 1 1 0 0 0 1 1 0 0 0 0 0 0 1 0 0 0 0 1 0 0 0 1 1 0 0 0 1 0 0 0 0 0 0 0 0 0 0 1 0 1 0 1 0 0 1 0 0 1 0 0 1 0 0 0 0 0 1 0 0 0 0 1 0 1 0 0 0 0 0 0 0 0 0 1 0 0 0 1 1 1 0 0 0 0 0 0 0 0 0 0 0 0 0 1 1 0 1 1 0 0 0 0 0 0 0 0 0 0 0 1 0 0 1 1 1 0 0 0 0 1 1 0 1 0 0 0 1 0 0 0 0 0 0 0 0 1 0 0 0 0 0 0 0 0 0 0 0 0 0 0 1 0 0 0 1 0 1 0 0 0 1 0 1 0 0 0 0 1 1 0 0 0 0 0 0 0 0 0 0 1 1 0 0 1 1 0 0 0 0 0 0 0 1 1 0 0 0 1 0 0 1 0 0 0 1 0 0 0 0 0 0 1 0 0 0 0 1 0 0 0 0 0 0 1 0 1 0 0 0 0 0 0 1 0 0 0 0 0 0 0 1 0 0 0 0 0 0 1 1 0 1 0 0 0 0 0 0 0 0 0 0 0 1 0 0 0 0 1 0 0 0 0 1 0 0 0 0 0 0 1 0 1 0 0 0 1 0 0 1 1 0 0 0 0 0 0 1 0 0 1 1 1 0 0 0 0 0 0 0 0 0 1 0 0 0 0 1 1 0 0 1 0 0 0 1 0 0 0 1 0 0 0 1 0 0 1 0 0 0 0 0 0 0 0 0 1 0 1 0 0 0 0 0 0 0 0 0 0 1 0 0 1 0 0 0 0 0 1 0 0 0 0 0 1 0 1 0 0 0 1 0 1 0 0 0 0 1 1 0 1 1 1 0 0 0 1 0 0 0 0 1 0 0 0 0 1 0 0 0 0 0 0 0 0 0 1 0 0 1 0 0 0 0 1 0 1 0 0 0 1 1 0 0 0 0 0 0 0 0 1 0 0 1 0 0 0 0 0 0 0 0 1 0 0 0 0 0 1 0 0 1 0 0 0 0 1 0 0 0 1 0 0 1 0 0 0 0 0 0 0 0 0 1 0 0 0 0 0 0 0 0 0 0 0 1 0 0 1 0 1 1 0 0 1 1 0 0 0 0 0 0 0 0 1 0 0 0 1 0 0 0 1 1 1 0 0 1 0 0 0 0 0 0 1 1 0 1 1 1 0 1 0 0 0 0 0 0 0 0 1 0 0 0 0 0 0 0 0 0 0 1 0 0 0 0 0 1 0 0 0 0 0 0 0 0 0 0 1 0 0 0 0 0 0 0 0 0 0 0 0 0 1 1 0 0 0 0 0 0 1 0 1 0 1 0 0 0 0 0 0 0 0 0 0 1 1 0 0 1 0 0 0 0 0 0 0 1 0 0 0 0 0 0 0 0 0 0 0 0 1 0 0 0 0 1 0 0 0 0 0 1 1 1 0 0 0 0 1 0 0 0 1 0 0 1 1 0 0 1 0 0 0 0 1 1 1 0 0 0 0 0 1 1 0 1 0 0 1 0 0 0 0 1 0 0 0 0 0 0 0 0 1 0 0 0 0 0 0 1 0
0 1 0 1 1 1 0 0 0 0 0 0 1 0 0 0 0 0 1 0 0 0 0 0 0 0 0 1 0 0 0 0 0 1 1 0 0 1 0 1 1 0 0 0 0 0 0 0 0 0 0 1 1 1 0 0 0 0 0 1 0 0 0 1 0 1 0 1 0 0 0 0 0 0 0 1 0 1 0 0 0 0 1 0 0 0 0 1 0 0 0 1 0 0 0 1 0 0 0 0 1 0 0 1 0 0 0 1 0 1 0 0 0 0 0 1 0 0 0 1 0 0 0 0 0 0 0 0 0 0 0 0 0 0 0 0 0 0 0 1 0 0 1 1 0 0 0 1 0 1 0 0 0 0 1 0 1 0 0 0 0 0 0 0 1 0 0 1 1 0 1 1 0 0 0 0 0 1 0 1 0 1 0 1 0 0 1 0 0 0 0 0 0 0 0 1 0 0 1 1 0 0 0 0 1 0 0 0 0 0 0 0 0 0 0 1 0 0 0 1 0 1 1 0 0 1 1 0 0 1 0 1 1 1 0 0 0 0 0 0 0 0 0 0 1 1 0 0 0 0 0 1 0 1 0 0 0 0 0 1 0 0 0 0 0 0 1 0 0 1 0 1 0 0 0 1 0 1 0 0 1 0 0 0 0 0 1 0 0 0 1 0 0 1 0 1 0 0 0 0 0 0 0 1 0 0 0 1 0 0 1 0 0 1 0 0 0 0 0 1 1 0 1 0 0 0 1 0 0 1 0 0 0 1 0 0 0 0 0 0 0 0 1 0 0 0 0 1 0 0 0 1 0 0 0 0 0 0 0 0 0 1 1 0 0 0 0 0 1 0 0 1 1 1 1 0 1 0 0 0 0 0 0 0 1 0 0 1 0 0 0 0 0 1 1 0 0 0 1 0 0 1 0 0 0 0 0 0 0 1 0 0 0 0 0 0 0 0 1 0 1 0 0 0 0 0 0 0 0 0 1 0 0 1 1 0 0 1 0 0 0 0 1 0 1 1 0 0 0 0 0 1 0 0 0 1 1 0 0 0 0 0 0 1 0 1 0 0 0 1 0 0 0 1 0 0 0 0 0 0 0 0 0 1 0 0 0 0 1 1 1 0 0 0 0 1 1 0 0 0 0 0 0 0 0 0 1 0 0 1 0 0 0 1 0 0 0 1 1 0 0 1 1 0 1 0 0 1 0 0 0 0 1 1 0 1 0 0 0 0 0 0 1 0 0 1 0 0 1 0 1 0 0 0 0 0 1 1 0 0 1 0 0 1 0 0 0 0 0 0 0 0 0 1 0 1 0 0 0 0 1 0 0 0 0 0 0 0 1 1 0 0 1 0 0 0 0 1 1 0 0 0 0 1 0 1 0 1 1 0 0 0 0 0 0 0 0 0 0 0 0 0 0 0 0 0 1 0 0 1 0 0 0 1 0 0 0 0 0 0 0 0 1 1 0 1 1 0 0 1 0 0 1 0 0 0 1 0 0 1 0 1 1 1 0 0 0 1 0 1 0 1 1 1 1 0 0 0 0 0 0 0 0 0 0 1 0 1 0 1 0 0 0 0 0 1 1 0 0 1 1 0 0 0 0 0 0 0 0 0 0 1 0 0 1 1 1 0 0 0 0 0 0 0 0 0 0 0 1 0 1 0 1 0 0 0 1 0 0 0 1 1 1 0 0 1 1 1 0 1 1 1 0 0 0 0 0 0 1 0 1 1 0 0 0 1 0 0 1 0 0 0 0 1 0 1 0 0 0 0 0 1 1 0 0 1 0 0 0 0 0 1 0 0 0 0 0 0 1 0 0 1 1 1 0 0 1 0 0 0 0 0 0 0 0 1 0 0 1 0 0 0 0 0 0 1 0 1 0 1 0 1 0 0 0 0 0 1 0 0 0 0 0 1 0 1 0 0 0 0 0 0 0 0 0 0 0 1 0 0 0 0 1 0 0 1 0 1 0 1 1 1 0 0 1 1 1 0 0 1 0 0 0 0 1 0 0 1 1 0 1 0 0 0 0 1
1000 1000 209
1 1 0 0 1 0 1 0 0 0 0 1 1 0 0 1 0 0 1 0 1 1 1 1 0 1 1 0 0 1 0 1 1 1 1 0 1 0 0 1 0 1 0 0 0 0 0 1 0 0 1 0 0 1 0 1 0 0 1 0 1 1 1 0 1 0 0 0 1 1 0 1 1 0 1 1 0 0 1 1 0 0 1 0 0 1 1 1 0 0 0 1 0 0 1 1 1 0 1 0 1 0 1 0 1 0 1 0 0 1 0 0 0 0 1 1 1 0 0 1 1 1 1 0 0 0 1 1 0 0 1 0 0 1 1 1 0 0 1 1 0 1 1 1 1 0 0 0 1 1 0 0 1 0 1 1 1 1 1 1 1 0 1 1 1 0 0 0 1 1 0 0 1 1 0 0 0 0 1 1 1 0 0 0 0 0 1 1 1 1 1 1 0 0 1 1 1 1 0 1 1 0 1 0 0 0 0 0 1 0 1 1 0 1 0 1 1 0 0 1 1 0 0 0 0 1 1 1 1 1 0 1 1 1 0 1 1 1 1 1 0 1 0 0 1 1 0 1 0 1 1 1 0 0 1 1 0 1 1 0 1 0 0 1 0 1 1 0 1 1 1 0 1 0 1 0 1 1 1 0 0 1 1 1 0 0 1 0 0 0 0 0 1 0 0 1 1 0 0 1 0 1 1 1 1 1 0 1 0 1 1 1 1 1 0 0 1 0 0 1 1 0 1 0 1 0 0 1 1 1 1 0 0 0 0 0 1 1 1 1 1 0 0 1 1 1 0 1 0 0 1 1 0 1 1 0 1 0 0 0 1 0 0 1 1 0 1 1 0 1 0 0 0 0 0 0 1 1 0 1 1 1 0 0 0 0 1 0 0 1 0 0 0 1 0 1 0 0 1 0 1 0 1 0 0 1 1 0 0 1 1 0 0 1 0 0 1 0 1 1 1 1 0 0 1 1 1 0 1 1 1 1 1 0 1 0 1 0 0 1 0 0 0 0 0 1 1 0 0 1 0 1 1 0 0 0 1 1 0 1 1 1 1 0 1 0 0 0 0 0 1 0 0 1 0 0 1 0 0 1 1 1 1 0 1 0 0 1 1 1 1 1 0 0 1 0 0 0 1 1 0 0 0 0 1 1 0 1 0 0 0 1 0 1 0 1 0 0 1 1 1 0 1 0 1 0 0 1 1 0 0 1 0 0 1 1 1 1 0 1 1 1 1 0 0 0 0 0 1 1 1 1 1 0 1 0 0 1 1 1 1 0 1 0 1 1 1 0 0 1 0 0 0 1 1 1 0 0 0 1 0 0 0 0 0 0 0 0 1 1 0 0 0 0 0 0 0 0 1 0 0 0 0 0 1 0 0 0 0 1 0 1 0 1 1 0 1 1 0 1 1 0 1 1 1 0 1 0 0 1 0 0 0 0 1 0 0 1 1 0 1 0 1 1 0 1 0 0 1 1 0 0 0 0 1 0 0 1 0 1 0 0 1 1 0 1 0 0 1 1 1 0 1 1 1 0 1 1 1 0 1 1 1 0 0 1 1 0 1 1 1 1 0 0 0 1 1 0 1 0 1 0 1 1 1 0 1 1 0 1 1 0 1 0 1 1 0 1 0 0 1 1 0 0 0 1 1 0 1 1 1 0 1 1 0 1 1 0 1 0 1 1 0 1 0 0 1 0 0 1 1 1 0 0 0 1 1 0 0 1 0 0 0 0 1 1 1 0 0 0 0 1 0 1 0 0 0 0 0 0 1 0 1 0 1 1 0 0 1 0 0 0 1 0 0 1 1 0 1 1 1 0 0 1 0 1 0 0 0 0 0 1 1 1 0 1 0 1 0 1 1 1 1 0 1 1 0 0 0 1 1 0 0 0 1 1 1 0 0 0 1 0 1 1 1 1 1 0 0 0 1 1 1 0 1 0 1 0 1 0 1 1 0 1 1 1 1 0 0 0 1 0 1 0 0 1 0 1 1 1 1 0 0 0 0 1 0 1 1 0 1 0 0 1 0 1 0 1 0 0 1 1 0 1 1 1 0 0 0 1 0 1 1 1 1 1 0 0 1 1 1 0 0 1 1 0 0 0 0 1 0 1 0 0 1 0 0 1 0 1 0 0 0 0 0 1 1 0 0 1 1 1 1 1 1 1 0 1 1 0 1 1 1 1 0 0 0 0 0 0 0 1 0 0 1 1 1 0 1 0 1 1 0 1 1 0 1 0 0 0 0 0 0 0 1 0 0 0 0 0
1 1 0 0 0 0 0 1 1 1 1 0 0 1 0 0 1 0 1 0 1 0 1 0 0 1 0 1 0 1 0 1 1 1 0 1 1 1 1 0 1 0 1 1 0 0 1 1 0 0 1 0 0 1 0 1 1 0 1 0 1 1 1 1 0 0 1 1 0 0 1 0 1 1 1 0 1 1 1 0 1 0 0 1 0 0 0 1 0 1 1 1 0 1 1 1 0 0 0 0 1 0 0 0 1 1 1 1 0 0 1 1 0 1 0 0 1 1 0 0 1 0 0 0 1 1 0 0 0 0 1 0 1 1 1 0 0 1 0 1 0 0 0 0 0 0 1 0 1 0 0 0 1 0 1 0 0 1 0 0 1 0 1 0 1 1 1 0 1 0 0 0 1 1 1 1 1 1 1 0 0 1 0 1 0 1 1 0 1 1 0 0 0 0 1 1 1 0 1 0 0 0 0 1 0 1 0 1 0 1 0 0 0 0 1 1 1 1 0 0 0 1 0 0 0 1 0 1 0 0 0 1 1 1 1 0 1 0 0 0 0 0 1 0 0 1 1 1 1 0 1 1 1 0 0 1 0 1 0 0 1 0 1 1 1 0 0 1 1 1 0 0 0 1 1 1 1 0 0 1 0 1 1 1 1 0 1 0 1 0 1 0 1 0 0 0 0 0 0 0 1 0 1 0 1 1 1 1 1 1 0 0 0 0 1 1 1 1 1 0 0 0 1 0 1 1 1 0 0 0 0 1 1 1 1 1 1 1 0 1 1 0 1 0 0 0 1 1 1 1 0 0 0 1 0 1 0 0 1 1 0 1 1 1 0 1 1 1 1 1 0 1 1 0 0 0 1 0 0 0 0 1 0 1 0 0 1 1 1 0 0 0 0 1 1 0 0 0 0 1 1 1 0 1 1 1 0 0 1 1 1 1 0 0 0 1 1 1 1 1 0 1 1 0 0 1 1 0 0 0 1 1 1 0 0 0 0 0 1 0 0 0 1 0 0 1 0 1 1 0 0 0 0 1 1 0 0 1 0 1 0 0 0 1 0 0 0 0 0 1 1 0 0 1 1 1 0 1 0 0 0 1 1 0 0 1 0 1 1 1 1 1 1 1 0 0 0 0 1 1 1 0 1 0 0 1 1 0 0 1 0 1 0 0 1 0 0 1 0 1 0 1 1 0 1 1 1 1 0 1 0 0 0 0 0 0 1 1 1 1 1 0 0 1 0 0 1 1 0 1 0 1 0 1 1 1 0 0 0 1 1 0 0 1 1 0 1 0 1 1 1 1 1 0 1 1 0 0 1 1 1 1 0 0 0 0 0 0 0 1 0 0 0 1 1 1 0 1 1 1 1 0 1 0 0 0 1 1 1 0 0 1 0 1 1 1 1 0 0 1 0 0 1 0 1 1 0 1 1 0 1 0 1 1 0 0 0 0 1 0 0 1 0 1 1 0 1 1 1 0 0 0 1 1 1 0 1 1 0 0 1 0 0 0 0 0 0 1 1 1 1 0 1 1 0 0 0 1 0 1 1 1 1 0 1 0 0 0 1 1 0 1 1 1 0 1 0 0 1 0 0 0 1 1 0 1 1 0 0 0 0 1 1 0 1 0 0 0 1 0 1 0 1 0 1 0 1 0 1 1 0 0 1 0 1 1 0 0 0 1 1 1 0 1 1 1 0 0 0 0 1 1 0 1 0 0 1 0 1 0 0 1 0 1 1 1 0 0 1 1 0 0 1 0 1 1 0 0 0 0 0 1 0 1 1 1 0 0 0 0 0 0 0 1 0 1 1 1 1 1 1 1 0 1 0 0 1 0 0 1 1 1 1 0 0 0 0 0 0 1 1 0 0 0 1 1 1 0 0 1 1 0 0 0 1 0 0 0 0 1 0 0 0 1 0 0 0 1 1 1 1 0 1 1 0 1 0 1 0 0 1 1 0 0 1 0 1 0 0 1 1 1 0 1 0 1 0 1 1 0 1 0 0 0 0 0 1 0 0 0 0 0 1 1 1 0 0 1 1 0 1 1 0 0 0 1 0 0 0 1 0 0 1 0 1 1 0 0 1 1 0 1 1 0 0 1 1 0 1 0 0 0 1 1 1 0 1 1 1 1 1 0 0 1 0 0 1 1 0 1 1 0 1 0 1 0 0 0 0 0 0 0 1 1 0 1 1 1 1 1 1 1 1 1 1 0 1 0 1 0 1 1 1 0 1 0 1 1 1 0 1 1 1 0 1 1 1 1 0 1
1000 1000 761
0 0 0 0 1 0 1 0 0 0 0 0 1 0 0 1 0 1 0 0 0 0 1 0 1 1 0 1 1 0 1 0 0 1 1 0 1 0 1 0 0 0 1 1 0 0 0 0 0 1 1 0 0 1 1 0 0 1 1 0 1 0 1 0 1 0 0 0 0 0 0 0 0 0 1 0 0 1 1 0 0 0 0 0 0 0 1 1 0 0 0 0 0 1 1 0 0 1 0 0 1 0 1 0 0 1 1 0 0 1 0 1 1 0 1 1 1 1 0 1 1 0 0 1 0 0 0 1 1 0 1 1 0 0 0 0 1 0 0 0 1 0 1 1 0 1 0 0 1 1 0 0 0 1 1 0 0 1 0 1 0 1 1 0 0 0 1 0 1 0 1 1 1 0 1 1 1 0 0 1 0 0 1 0 0 0 1 0 0 0 1 1 0 1 1 1 1 1 0 0 0 0 0 0 0 0 1 0 1 0 0 0 1 1 1 1 0 0 0 0 1 1 0 1 1 1 0 0 0 0 0 0 1 1 1 1 1 0 0 1 0 0 1 0 0 0 1 1 0 1 0 0 0 0 1 1 1 0 0 0 0 0 0 0 1 0 1 1 0 0 0 0 0 0 0 0 1 0 0 1 0 0 0 1 1 1 0 1 0 0 1 0 0 0 1 1 1 0 0 1 1 0 0 1 1 1 1 0 1 0 1 0 0 1 1 0 1 1 1 0 0 1 1 1 1 0 0 0 0 1 0 1 1 1 1 1 1 0 0 0 1 0 1 0 1 0 0 1 1 0 0 1 1 0 1 1 0 0 1 0 0 1 0 1 1 1 0 1 1 0 0 0 1 0 0 1 0 0 1 0 0 1 0 1 1 0 0 1 1 1 0 0 1 0 1 1 0 0 1 1 1 1 0 0 0 1 0 0 0 0 1 1 1 1 0 1 0 1 1 0 0 1 0 0 1 0 1 0 1 0 0 0 1 0 1 0 1 0 1 0 0 1 1 0 1 1 1 0 1 1 1 1 0 0 1 0 1 0 1 0 0 1 0 1 1 1 1 1 1 0 0 0 1 0 0 0 0 1 0 1 1 1 0 1 1 1 1 1 0 1 0 0 1 0 1 1 1 0 1 1 0 1 1 0 0 0 1 1 1 0 0 0 1 1 1 0 1 0 1 0 1 1 1 1 1 1 1 0 0 1 1 0 1 1 0 0 0 0 1 0 1 0 0 1 0 0 0 1 1 1 1 0 0 1 0 1 0 1 0 1 1 1 1 1 1 1 1 0 1 1 0 1 1 0 1 1 0 1 0 1 0 1 0 1 1 1 1 1 0 1 0 1 1 1 0 0 0 0 1 1 0 0 1 1 1 1 0 0 0 1 0 1 0 0 0 0 0 1 1 0 1 0 1 1 1 1 1 1 0 0 0 1 1 1 0 0 0 1 0 1 0 0 0 1 0 0 1 0 1 0 0 0 0 1 1 0 0 0 1 0 0 0 0 0 1 1 0 0 1 0 0 0 1 0 0 1 0 1 0 1 1 0 1 0 1 1 1 0 0 1 1 1 1 0 0 1 0 0 1 1 1 1 0 1 1 0 0 0 0 1 0 0 1 0 1 0 0 0 1 1 1 0 1 0 1 0 1 0 1 1 1 1 1 1 1 1 0 1 0 0 0 0 1 0 1 1 0 1 0 1 0 0 0 1 1 1 0 1 0 0 1 1 1 1 0 0 1 1 0 1 1 0 1 0 1 1 0 1 0 0 1 0 1 0 0 1 0 1 0 0 0 0 1 0 0 0 1 0 1 0 0 1 0 1 1 0 0 0 0 0 1 0 1 0 0 0 0 0 0 1 1 0 1 1 1 0 1 0 0 0 1 0 0 0 0 0 1 1 1 0 0 0 0 1 0 0 0 1 1 0 0 1 0 1 1 0 1 0 0 0 1 1 0 0 1 1 1 0 1 1 0 1 0 1 1 0 0 1 0 0 1 1 1 1 0 0 1 0 0 1 1 1 0 0 0 1 0 1 0 1 1 1 0 1 0 0 1 1 0 0 0 1 0 1 0 0 1 0 1 1 1 1 1 0 1 0 0 0 1 0 0 0 1 0 1 0 0 1 1 1 1 0 0 1 1 1 1 0 1 0 1 0 1 0 1 0 0 1 0 1 1 1 1 1 1 0 0 1 0 0 0 1 1 0 1 0 0 1 1 1 1 0 1 1 0 1 1 1 1 1 0 1 1 0 1 0 0 0 1 1
1 1 1 0 1 0 1 0 1 0 1 1 0 1 1 0 0 0 1 1 0 1 1 0 1 0 1 0 0 0 1 0 0 1 1 1 0 1 1 1 1 0 1 0 1 1 1 0 1 1 1 0 0 1 1 1 0 1 0 1 0 1 0 0 1 1 1 1 1 1 0 1 0 0 0 1 0 1 0 1 0 0 1 1 0 0 0 1 0 0 0 0 0 1 0 0 1 0 0 0 1 1 1 0 0 1 1 1 1 0 0 1 1 0 1 0 1 1 1 0 1 0 1 0 1 1 0 0 1 1 0 0 0 0 0 1 0 1 1 1 1 1 1 0 1 1 1 1 1 1 0 0 1 1 1 0 0 1 0 0 0 1 0 1 0 1 1 0 1 1 1 0 1 1 1 0 1 0 0 0 0 1 1 1 1 0 0 1 1 0 0 1 1 1 0 0 1 1 0 0 1 0 0 1 0 0 1 0 0 0 1 1 0 1 1 1 1 0 0 1 1 1 0 1 0 1 1 0 0 0 0 0 0 0 0 1 1 0 0 1 1 0 1 1 0 0 0 1 1 1 0 0 0 0 1 1 1 1 1 0 1 1 0 1 1 0 1 1 1 1 0 1 1 1 0 1 1 1 1 0 0 1 1 1 0 0 1 0 1 1 1 0 1 0 0 0 1 0 1 0 0 0 0 1 1 0 1 1 1 0 1 0 0 1 0 1 0 0 1 0 1 0 1 0 1 1 1 0 0 1 0 1 1 1 0 0 0 1 1 0 0 0 0 1 0 1 0 1 0 1 0 0 1 0 0 1 1 1 1 1 0 1 0 0 0 0 1 1 0 0 1 0 1 0 1 0 1 0 0 0 0 0 0 1 0 1 1 0 0 0 1 0 0 1 1 1 0 1 0 1 0 1 1 0 1 0 1 0 0 0 1 1 1 1 1 0 0 0 0 0 0 1 0 0 0 0 1 1 0 1 1 1 1 0 1 1 0 1 0 1 0 0 0 1 0 0 1 1 0 1 0 0 1 1 1 0 0 1 0 0 0 1 1 1 0 1 1 1 1 0 1 0 0 1 1 0 0 0 1 0 1 1 1 1 0 1 0 0 0 1 0 1 0 0 0 1 1 1 1 0 1 1 0 1 0 0 0 1 1 0 0 1 0 0 0 1 1 0 1 1 1 1 1 1 1 1 0 0 1 1 0 1 0 0 1 0 0 1 1 0 0 0 1 1 1 0 1 0 0 0 0 1 0 1 1 0 0 1 0 1 0 0 1 0 0 0 1 0 0 1 0 0 0 1 1 0 1 1 1 0 0 0 1 0 1 1 0 0 0 0 0 1 1 0 0 1 1 1 0 0 0 1 1 0 1 1 1 0 0 1 0 0 0 0 1 1 1 0 0 0 0 1 0 1 1 1 1 1 0 1 0 1 0 0 0 1 0 0 1 1 0 0 1 1 0 1 1 1 0 0 0 1 0 0 0 1 0 0 1 1 0 0 1 1 1 0 1 1 0 1 1 1 0 1 1 0 1 0 0 1 0 0 1 1 1 0 0 1 0 0 1 0 1 1 0 1 1 1 1 1 0 0 0 1 0 0 1 0 1 1 1 0 0 0 0 0 0 1 1 1 1 1 1 1 1 0 1 1 1 1 1 1 0 1 0 1 1 1 1 0 1 1 1 0 1 1 1 0 1 1 0 0 0 1 1 0 0 0 0 1 0 1 1 1 0 1 1 1 1 1 0 1 1 0 1 1 0 1 0 0 0 0 1 0 1 1 0 1 1 1 0 1 0 0 0 1 0 0 1 0 1 1 1 0 0 0 1 0 1 0 0 0 0 1 1 1 0 1 0 0 1 0 0 1 0 0 1 1 0 1 1 1 1 1 0 0 1 0 1 1 0 0 0 0 1 0 0 1 0 0 1 0 1 1 0 1 0 1 1 1 0 0 0 0 0 0 0 0 1 1 0 1 1 1 1 0 1 1 1 0 1 0 0 1 1 1 0 1 1 1 0 0 1 0 0 1 1 1 0 1 0 1 0 1 0 1 0 0 1 0 1 1 1 0 1 0 1 0 0 1 0 0 0 1 0 1 0 0 1 1 0 0 0 0 0 1 0 1 1 0 1 1 0 1 0 1 1 1 1 0 0 0 1 1 1 1 1 1 0 0 1 1 0 0 0 1 0 1 0 1 0 1 0 1 0 0 0 0 0 1 0 0 1 1 0 0 1 1 1 1 0 1 1 1 0 1 0 1 1 0
1000 1000 416
1 1 0 0 1 0 0 0 1 0 1 1 0 0 0 1 0 1 1 0 0 0 1 1 0 1 0 1 0 1 1 0 0 1 0 0 0 1 1 1 1 1 0 1 1 1 1 0 1 1 1 1 0 0 0 1 0 0 1 0 0 1 0 0 1 1 0 0 0 1 1 1 1 0 1 1 1 1 1 1 1 0 1 0 0 0 0 1 0 0 1 0 0 1 1 1 1 0 1 1 0 1 1 1 0 1 1 0 1 0 1 0 0 1 0 1 0 1 1 0 1 1 0 0 1 1 0 1 0 1 0 0 0 0 0 1 1 1 0 0 1 0 1 1 1 0 1 0 0 1 0 1 0 0 0 0 1 1 0 1 0 0 0 0 0 0 1 1 1 1 1 0 0 0 0 0 0 0 1 1 1 0 1 0 1 1 0 0 1 1 1 0 0 1 0 1 0 0 1 1 1 1 0 1 0 0 1 1 1 0 1 1 1 1 1 0 1 1 1 0 1 1 0 0 0 1 0 0 1 0 0 0 0 1 1 0 0 0 0 0 1 1 0 0 0 0 0 0 0 1 1 1 0 1 0 0 0 1 0 1 1 1 0 0 0 1 1 0 1 0 0 1 0 0 1 1 1 1 0 1 0 1 0 0 0 0 1 1 1 0 1 0 1 1 0 1 0 1 0 0 1 1 1 0 0 0 1 0 0 1 0 0 0 0 0 1 1 1 0 0 0 0 1 1 1 1 1 1 1 1 1 0 0 0 1 0 0 1 1 0 0 0 0 1 1 1 0 0 1 0 0 0 0 1 0 1 0 0 1 1 1 1 1 1 0 0 1 1 1 0 0 0 0 0 0 0 0 1 1 0 1 1 0 0 1 0 1 0 1 1 1 1 1 1 0 1 0 0 0 0 1 1 0 0 0 0 0 0 0 0 1 1 0 0 1 1 0 1 0 1 0 0 1 0 0 1 1 1 1 0 1 0 1 0 0 0 1 0 0 1 1 1 1 0 1 0 0 1 1 0 1 1 1 0 0 0 0 0 1 1 1 1 0 1 0 0 1 1 1 0 1 0 0 1 1 0 1 0 1 0 1 1 0 0 1 0 1 1 0 1 0 1 0 0 0 1 1 1 1 1 1 1 0 0 1 0 1 0 0 1 1 1 0 1 0 0 1 1 0 0 1 0 1 1 0 1 0 1 0 0 1 0 0 0 1 0 0 0 0 0 0 0 0 1 0 1 0 1 1 1 0 1 0 1 0 1 1 0 0 1 1 1 1 1 0 0 1 0 1 1 1 0 0 0 0 1 0 0 0 1 0 0 0 0 1 0 1 0 0 0 0 1 0 1 0 1 0 1 1 1 1 0 0 1 0 1 1 0 0 0 0 0 1 0 1 0 1 0 1 0 0 1 1 1 1 0 1 0 1 0 0 0 0 0 1 0 1 1 0 0 0 1 1 0 0 0 1 1 1 0 0 1 1 0 0 0 0 0 1 1 1 0 1 1 1 1 1 1 1 0 1 0 1 0 1 0 1 0 1 0 0 0 1 1 0 1 0 1 1 0 0 1 0 1 1 1 1 0 0 1 1 0 1 0 0 0 1 0 1 1 0 0 0 1 1 1 1 0 0 1 1 0 0 0 1 0 1 0 1 0 0 0 0 0 0 0 0 0 1 1 0 0 1 0 1 0 1 0 1 1 0 0 1 0 0 1 1 1 1 0 1 0 1 1 1 1 1 1 1 1 0 1 1 0 0 1 1 1 1 0 1 0 1 0 0 0 1 0 1 0 0 0 0 0 1 1 0 1 0 0 1 1 0 0 1 0 1 0 0 1 1 0 0 1 0 1 0 1 1 1 0 1 1 0 1 0 1 1 0 0 0 0 0 1 1 0 0 1 1 0 0 1 1 0 1 1 1 0 0 0 0 1 0 1 0 0 1 0 1 0 0 1 1 0 0 1 0 0 1 0 1 0 0 1 1 0 1 1 1 0 0 1 0 0 0 0 0 1 1 1 1 0 0 1 0 1 1 0 1 1 1 1 1 0 1 1 1 1 0 1 1 0 0 1 0 0 0 0 0 1 0 0 1 0 1 1 0 1 0 0 0 0 1 0 0 1 1 1 1 1 1 0 0 0 0 1 1 0 1 1 0 1 0 1 0 1 0 1 0 0 1 1 1 1 0 0 0 0 1 1 1 1 0 0 1 1 1 0 1 1 1 1 1 1 0 1 1 0 0 1 1 0 0 1 1 1 0 0 1 0
0 1 0 0 1 0 1 0 0 1 1 1 0 1 1 0 1 1 0 0 0 0 1 0 1 1 0 1 0 0 0 1 1 1 0 0 0 0 1 0 1 1 1 0 0 1 0 1 0 1 0 1 0 0 1 1 0 0 1 0 0 1 0 0 1 0 0 0 1 0 0 0 0 0 0 1 1 0 1 0 1 1 0 0 1 1 0 0 0 0 1 0 1 0 0 0 0 0 0 0 0 0 1 0 0 0 1 0 0 1 0 1 1 1 1 0 0 1 1 1 1 0 1 0 1 0 1 0 1 1 1 1 1 0 1 1 1 0 1 1 0 0 1 1 1 1 1 1 1 1 0 0 0 1 0 0 1 0 0 0 0 0 1 0 0 1 1 0 0 1 0 0 1 1 0 1 1 1 0 0 1 0 0 0 0 1 1 1 0 0 0 0 0 1 1 0 1 0 0 1 1 0 1 0 1 1 1 0 1 0 1 0 0 0 0 0 0 1 1 0 1 0 1 1 1 0 0 0 0 0 0 1 0 0 0 0 0 1 1 0 0 1 1 1 0 0 0 1 1 0 1 0 1 1 1 1 0 0 1 1 0 1 0 1 1 0 0 1 0 1 1 0 0 1 0 1 0 1 0 0 0 0 0 1 1 0 1 1 0 0 0 1 1 0 1 0 1 0 0 1 0 1 0 1 0 0 0 1 0 1 1 0 1 0 1 1 1 1 1 0 1 1 0 1 1 1 1 1 1 0 0 0 1 0 1 1 0 1 1 0 0 0 1 1 1 0 0 0 0 0 0 1 1 0 1 1 0 1 0 1 1 0 1 1 0 1 1 1 1 1 1 1 1 0 1 1 0 1 0 1 1 1 0 0 0 1 1 1 0 0 1 0 1 0 0 1 1 0 1 0 1 1 0 0 0 1 1 1 1 1 1 0 0 1 0 0 0 1 1 1 0 1 0 1 1 0 1 0 1 0 0 1 0 1 0 0 1 0 1 0 1 1 1 1 1 0 1 1 0 1 0 1 0 1 1 0 1 0 1 1 0 1 0 0 1 0 1 1 1 1 1 0 0 0 1 1 0 1 0 0 1 1 1 0 0 0 1 1 1 0 0 0 0 0 1 1 0 1 0 0 1 1 1 1 1 0 0 0 1 0 1 0 1 0 1 1 1 1 1 1 0 0 1 1 1 0 0 0 1 1 1 0 1 0 0 1 1 0 0 0 0 1 1 0 0 0 1 0 1 0 0 1 0 0 1 1 0 0 1 0 0 1 0 0 1 1 1 1 1 0 0 1 0 1 1 1 1 0 0 1 1 1 0 1 0 1 1 0 1 0 0 1 1 1 0 1 0 0 1 0 1 0 1 0 1 1 0 0 0 1 1 0 1 1 0 0 0 1 0 0 1 1 0 1 0 1 0 0 0 0 0 1 1 0 1 1 1 0 1 0 0 1 0 0 0 0 0 1 1 0 0 0 0 0 1 0 0 1 0 1 1 1 0 1 0 0 0 0 1 0 0 1 0 0 1 0 0 0 0 1 1 1 0 0 1 0 1 1 0 0 0 1 1 0 1 0 1 1 1 0 0 0 1 1 0 1 1 1 0 1 1 1 0 1 0 0 0 1 1 0 0 1 1 1 1 0 1 1 0 0 0 1 1 1 1 0 1 0 1 1 1 0 0 0 1 0 0 0 1 1 1 0 1 1 0 1 0 1 1 0 0 0 1 1 0 0 1 0 0 1 1 0 1 0 1 0 1 1 0 1 1 1 1 1 0 0 1 1 1 1 1 1 0 1 1 0 0 0 0 0 1 1 0 1 0 1 1 1 0 1 1 1 1 0 1 1 1 1 0 0 1 1 1 1 0 1 0 0 0 0 0 0 0 1 1 0 0 0 0 1 1 1 1 1 1 1 0 0 0 0 1 0 1 1 0 1 0 1 1 0 1 0 1 0 1 1 0 1 1 0 1 1 1 0 0 0 0 1 1 1 0 0 0 0 1 0 0 1 0 1 1 0 1 1 1 0 1 0 0 0 1 1 0 0 0 0 0 1 0 1 0 0 1 0 0 1 0 1 0 0 1 1 0 1 0 1 1 1 1 1 1 1 0 0 1 1 0 0 1 0 1 0 1 0 1 1 1 0 1 0 1 0 1 0 0 0 0 0 0 0 0 0 0 1 0 1 1 0 1 1 0 1 0 1 1 1 1 0 1 1 0 0 0 0 1 1 0 1 0 1 0 0 1 0 0 1 0 1 1 0
