200
1 468 42
65725 725 170
56726 465 963
6452 828 282
73773 943 996
6807 605 392
78737 383 293
41623 896 719
22429 539 772
1291 300 668
33627 812 704
66552 665 674
24069 869 254
82184 758 663
47263 742 724
31981 36 317
79681 107 289
37231 649 265
18501 730 891
70865 102 7
537 624 630
77417 841 757
60817 309 932
10407 324 627
40090 83 119
69063 116 834
83863 931 705
25946 387 674
81831 73 925
61165 574 778
29797 291 987
50471 768 356
67501 53 32
18981 725 942
66260 192 108
3500 288 458
68123 910 946
95413 589 222
16085 31 507
31911 592 901
22089 360 411
31396 484 549
70477 351 603
96517 21 375
52113 200 349
5248 735 282
7201 939 419
46705 468 128
73948 484 649
19383 618 311
65686 617 310
25065 250 601
49793 304 799
29979 610 845
33000 486 196
87943 588 524
42245 201 449
98639 797 581
96514 799 590
5497 623 473
36831 180 39
43721 192 959
50869 512 157
35089 56 273
22876 887 363
81505 143 870
26423 999 882
70333 700 22
60901 390 893
49208 511 601
92690 689 862
25171 424 256
4289 286 183
14625 758 618
89170 155 170
17857 330 977
68267 556 426
8701 513 442
71198 754 719
83924 997 280
73435 438 550
52753 196 194
8017 106 287
18115 735 456
64519 672 317
52806 356 314
82441 809 913
42619 757 314
21165 983 647
34870 223 197
37419 451 536
25389 660 45
61541 25 254
71419 650 746
39025 23 475
34179 906 788
70679 626 203
70717 825 315
28311 160 373
78887 298 488
4 271 774
6 193 669
14 481 103
20 803 628
4 626 528
13 24 925
4 182 62
14 506 433
13 32 726
7 223 143
8 901 65
15 414 361
16 171 271
1 712 834
6 668 897
15 141 551
20 625 696
15 577 126
12 303 659
14 679 467
19 485 852
13 120 465
1 88 801
18 11 927
17 316 171
19 44 228
3 110 165
8 566 87
6 475 578
9 630 628
3 521 424
17 124 963
16 262 738
1 265 526
11 117 203
12 12 327
14 548 412
5 791 521
1 764 189
10 663 852
19 714 901
8 366 579
19 201 478
1 304 440
18 325 358
8 114 109
1 851 802
5 994 429
12 541 406
17 836 705
4 351 73
17 557 486
7 358 627
12 338 358
17 362 870
13 618 23
6 697 718
10 424 42
20 566 230
16 297 933
5 963 54
13 655 735
13 370 458
4 608 964
8 636 912
19 676 849
15 143 224
16 742 512
2 826 460
15 627 871
11 784 206
2 280 399
18 735 194
14 557 535
3 706 177
1 882 549
16 642 414
3 143 856
5 878 612
4 753 679
1 674 297
13 876 314
18 611 819
16 113 933
1 832 170
11 686 489
11 590 498
15 354 146
5 741 652
20 336 259
5 606 193
10 504 182
13 609 776
17 550 998
8 628 562
1 130 542
2 175 814
4 216 78
5 993 214
20 393 602
