13
2
1 1
1 2
1 2
2
0 2
2 2
2 1
5
1 1 1 1 1
3 3 3 3 2
1 1 1 2 2
5 5 5 2 2
3 5 1 1 5
4 4 4 4 4
50
0 1 1 1 0 0 0 1 2 1 1 0 2 0 0 1 1 0 0 0 2 1 0 6 2 2 1 0 1 0 0 2 0 2 0 2 0 0 0 0 1 3 2 1 1 3 4 1 0 1
4 44 3 26 2 42 8 29 43 46 21 24 13 42 42 24 25 27 45 29 32 25 41 24 24 21 44 42 41 45 24 25 9 42 25 9 36 24 13 48 9 11 10 4 47 43 24 34 36 24
10 41 36 3 13 2 24 21 24 34 10 25 11 47 9 24 32 13 8 17 42 41 26 42 46 36 50 4 43 21 17 13 47 48 26 34 8 16 13 16 24 16 47 24 11 46 24 45 8 24
24 29 3 22 36 3 11 47 24 45 8 3 47 24 29 24 43 24 10 46 24 22 36 46 50 43 46 16 24 22 4 13 21 25 24 47 26 44 17 36 45 16 4 46 8 22 17 36 47 9
45 46 50 32 47 46 43 47 24 47 26 43 21 26 13 13 13 16 47 16 32 47 25 34 36 48 42 29 11 32 46 26 47 43 26 46 22 34 47 16 34 32 9 50 50 21 13 36 3 47
46 50 46 13 45 36 45 26 10 45 11 46 10 44 48 26 2 42 24 13 8 3 22 24 22 24 25 32 47 16 46 47 43 22 47 26 24 9 17 13 42 13 48 24 8 42 34 36 11 32
47 48 47 24 24 21 13 48 11 26 16 29 13 26 9 25 21 13 3 36 26 25 3 10 16 24 46 32 9 42 42 17 2 32 24 47 48 9 34 25 24 22 45 25 50 32 9 4 16 41
36 25 26 9 44 3 11 24 34 44 3 42 9 45 26 24 24 47 46 11 16 45 46 48 17 8 47 46 42 16 36 22 8 43 34 24 47 29 47 34 26 36 27 9 29 48 32 11 41 45
36 27 48 46 21 24 22 44 46 10 46 9 21 34 32 25 24 21 9 25 10 9 10 32 42 13 21 21 42 47 25 13 27 46 21 24 43 46 48 17 3 16 34 42 4 13 48 47 36 24
13 46 24 21 46 34 46 10 24 17 24 44 26 24 32 24 9 24 2 8 32 21 10 26 2 13 45 26 2 26 9 32 48 2 47 29 44 24 10 26 4 46 2 42 36 24 9 2 10 47
36 10 9 24 13 13 26 42 21 4 13 43 36 47 27 50 21 11 3 50 45 26 17 42 29 26 26 29 21 13 43 44 46 21 21 44 24 22 4 43 24 42 2 17 10 16 24 46 29 27
42 2 24 46 34 26 22 9 41 24 48 24 13 9 50 42 9 34 36 36 50 8 24 24 26 45 47 46 21 10 9 24 16 47 21 46 21 41 47 26 26 24 27 46 21 34 24 24 9 21
36 24 42 48 26 42 24 21 43 45 26 13 21 25 24 24 36 47 22 13 42 47 43 8 17 44 32 34 22 48 24 25 9 34 17 24 36 32 46 32 42 11 36 48 43 50 36 36 25 21
47 2 8 25 46 46 42 47 47 24 26 24 43 11 16 25 13 36 26 47 41 27 24 9 2 24 34 27 11 47 9 34 42 24 24 34 48 9 24 25 4 24 24 24 47 45 8 16 4 45
24 34 47 47 47 24 42 24 25 21 24 43 29 44 29 24 25 27 21 43 44 42 34 32 47 24 25 47 43 42 13 26 42 26 10 34 21 41 43 42 27 34 44 4 36 25 24 42 47 9
50 21 10 24 41 21 32 29 34 45 16 42 46 47 34 42 46 29 24 24 36 36 16 47 34 24 42 34 17 48 42 47 3 25 36 46 43 47 8 22 11 29 47 24 3 26 43 46 17 2
41 27 43 8 9 46 24 3 24 47 24 34 46 36 9 27 25 13 42 46 46 43 25 41 13 9 29 24 43 32 47 9 36 42 47 3 26 42 42 24 47 9 29 32 46 11 47 34 34 17
9 32 42 22 32 27 42 36 50 46 25 43 34 9 24 17 25 9 24 24 45 50 34 50 9 47 25 26 42 34 21 47 46 42 42 24 32 43 16 2 11 21 2 8 24 22 50 29 50 10
25 16 11 17 47 42 26 47 32 47 32 10 27 4 48 47 21 21 43 2 46 25 48 9 27 46 22 36 13 24 36 34 2 45 29 36 48 24 47 36 46 50 42 36 21 47 17 41 27 34
42 11 16 25 11 32 41 13 26 47 16 8 34 42 25 26 47 32 27 16 32 25 9 17 45 29 4 34 32 24 47 32 43 27 36 32 50 47 22 32 46 4 42 24 32 27 47 21 44 34
45 13 50 46 42 21 26 46 26 50 44 47 44 2 2 47 9 11 4 22 13 10 47 27 11 47 13 36 45 2 4 3 24 42 36 46 41 26 34 42 24 47 36 29 24 9 9 43 24 11
43 32 46 46 26 47 24 43 24 46 47 46 24 21 25 47 45 24 3 24 16 32 36 36 10 29 8 21 8 3 2 24 24 29 29 24 34 34 43 9 32 46 34 32 26 21 24 36 41 46
27 36 42 24 34 25 46 24 32 24 24 26 43 24 36 13 9 42 3 9 47 42 47 42 42 50 36 24 42 36 24 46 36 24 26 24 9 17 4 25 9 10 42 41 42 24 34 24 32 46
4 44 41 32 42 50 43 13 47 11 17 36 22 47 42 27 24 21 22 32 2 43 16 47 22 25 29 17 21 9 26 21 25 43 13 34 10 47 16 24 24 13 44 47 25 43 42 48 9 41
4 9 46 21 45 24 43 43 24 47 24 45 47 16 48 34 26 50 42 34 11 34 16 26 43 22 41 42 24 24 24 13 32 46 25 36 8 44 13 21 42 21 24 34 21 46 10 42 9 36
9 32 50 44 47 9 24 32 21 42 34 26 27 16 10 2 8 32 44 42 26 48 22 32 24 42 47 21 42 21 44 45 13 17 24 17 2 21 25 45 47 26 25 47 46 42 36 11 16 47
2 47 13 43 42 47 9 36 3 32 24 22 48 26 24 36 41 42 32 44 24 10 24 47 13 22 46 21 9 34 29 46 44 46 41 42 13 25 13 3 47 8 46 25 25 9 13 24 9 42
8 44 47 29 24 4 21 43 24 11 2 3 13 4 21 46 47 46 42 26 42 25 34 22 3 32 32 24 25 26 29 4 9 17 43 13 42 24 26 26 42 16 2 32 24 3 34 47 42 46
48 24 25 32 43 4 48 43 34 47 34 45 24 25 26 24 3 47 42 8 46 34 21 46 17 24 43 43 10 43 36 13 47 29 46 41 34 24 27 34 24 32 26 24 47 21 42 43 25 43
21 47 46 24 42 24 24 36 42 46 26 13 24 47 17 8 29 10 24 44 46 47 24 16 22 32 41 24 42 36 4 22 26 2 42 13 13 42 47 36 43 26 11 24 13 27 47 21 11 41
47 47 8 24 41 47 24 47 42 34 10 4 43 9 44 42 9 4 41 43 2 26 32 43 29 29 24 47 2 47 29 13 34 46 43 32 44 27 46 11 47 4 27 10 41 9 25 26 42 36
42 34 13 24 29 47 48 13 10 41 11 47 21 34 27 13 41 42 3 25 8 42 36 47 24 9 24 13 17 17 36 16 47 46 47 22 24 24 50 36 11 32 3 21 21 50 3 9 47 42
45 45 24 8 47 46 24 17 34 24 46 17 29 4 21 25 4 24 47 24 21 25 9 44 46 4 47 34 13 26 9 26 46 46 46 24 8 16 45 36 42 32 43 25 26 16 46 24 11 46
11 13 9 24 42 42 24 34 8 24 16 42 2 32 25 3 50 13 9 32 24 47 25 45 42 11 46 22 22 47 48 9 24 46 43 25 8 24 24 10 42 46 44 47 45 10 24 34 36 3
42 24 47 11 32 46 36 21 43 27 32 16 32 27 25 43 17 3 24 9 41 34 24 47 47 45 41 22 16 26 42 36 24 24 24 24 32 4 22 46 24 16 13 24 47 32 17 24 24 43
47 24 9 50 10 24 24 47 21 47 47 50 8 13 25 45 34 26 21 24 3 41 48 42 24 32 34 24 9 45 44 36 24 42 25 43 17 26 17 29 36 24 41 32 43 25 26 47 22 41
47 13 45 48 24 47 50 26 16 36 36 3 42 42 50 43 47 2 27 3 43 24 47 42 25 25 42 27 24 32 43 21 45 50 50 13 43 13 36 21 44 21 10 11 24 25 32 17 43 48
13 13 42 34 25 2 13 24 24 2 42 47 24 24 2 21 46 46 46 24 41 24 46 25 9 26 10 43 26 50 24 13 27 47 24 9 43 3 8 47 32 3 46 17 36 24 36 32 43 46
22 21 48 13 44 10 22 24 34 50 10 21 13 36 43 8 47 43 46 46 24 47 25 48 25 3 42 9 47 48 43 25 24 34 4 24 48 41 32 26 25 8 44 13 36 22 24 21 32 47
21 21 44 22 24 24 25 42 41 24 9 34 46 27 22 36 10 3 24 4 42 22 8 48 8 47 46 16 10 47 8 9 47 42 46 16 25 34 2 9 46 24 46 41 41 9 34 41 34 24
41 24 13 9 45 42 16 24 26 10 34 11 46 11 47 24 32 45 21 24 10 46 43 42 21 4 42 50 43 43 29 42 25 2 48 42 17 10 45 42 13 34 47 42 34 22 36 24 46 25
17 21 34 26 47 2 4 9 17 50 25 46 42 24 11 24 43 47 36 17 44 13 4 25 13 24 36 21 32 27 47 26 11 47 47 32 25 48 24 11 43 45 43 9 24 21 13 24 34 32
24 13 24 48 47 42 47 50 24 32 21 48 24 27 9 24 32 34 24 4 48 9 43 27 21 13 46 13 48 2 29 36 13 42 42 32 3 46 50 13 24 24 46 47 24 47 29 8 21 24
21 47 21 48 25 11 24 47 8 9 25 34 4 44 50 47 27 34 24 47 17 32 10 46 43 36 24 47 47 4 36 25 50 24 24 45 47 26 50 29 34 47 44 24 22 2 42 47 26 47
47 2 42 26 41 24 24 46 9 32 43 46 36 42 46 25 26 44 8 47 25 9 3 27 46 26 46 25 3 46 13 36 24 44 36 43 17 46 24 34 46 36 43 22 32 34 24 36 11 9
47 24 50 46 42 46 24 24 9 27 47 47 21 44 9 26 46 32 26 25 22 25 41 43 29 29 32 32 25 43 24 43 43 29 4 32 8 25 24 26 41 50 21 8 47 24 50 4 16 9
24 48 45 26 36 13 3 50 17 16 29 9 24 26 13 24 3 34 44 46 26 2 3 27 42 46 43 44 26 8 22 48 24 45 21 26 25 47 24 27 26 2 43 25 24 46 32 21 26 36
29 24 42 34 24 32 16 26 3 47 13 24 48 24 26 9 43 46 4 17 45 4 27 21 41 10 42 27 10 29 4 8 32 2 47 13 45 43 13 47 47 46 47 9 11 11 25 17 24 24
13 24 24 9 11 42 26 24 47 17 36 25 32 21 43 46 46 34 13 8 43 42 34 29 27 47 24 47 50 3 21 24 48 46 24 44 46 46 41 47 43 27 47 24 46 21 17 44 24 47
10 46 8 47 4 22 16 2 47 46 42 44 13 46 42 11 34 46 25 32 13 32 13 46 24 29 4 46 13 41 25 2 24 34 9 46 47 32 21 47 27 42 47 41 24 32 24 21 36 43
2 27 3 10 34 47 42 47 3 27 26 47 24 46 36 42 24 22 9 34 43 50 34 32 34 25 44 42 8 46 25 24 42 2 36 9 24 42 47 44 24 11 4 42 47 46 4 42 17 36
50
1 1 0 0 0 1 0 1 1 1 4 1 1 1 0 1 2 1 1 0 0 0 4 5 1 1 2 0 2 1 0 1 1 0 0 1 1 1 3 0 0 2 1 0 1 0 0 1 1 2
12 2 24 24 24 29 19 6 14 11 8 48 19 45 11 39 42 39 6 38 39 14 23 45 2 17 23 43 42 23 43 1 25 14 12 11 17 29 36 1 18 14 24 36 10 30 45 13 37 29
24 13 17 11 50 29 11 36 24 24 23 26 9 42 39 8 23 8 9 42 38 16 24 45 24 24 27 17 1 11 10 24 11 50 14 29 30 42 18 43 11 11 11 38 45 19 43 42 50 6
42 39 24 24 29 17 23 29 24 12 24 39 12 24 23 6 29 32 24 14 39 26 42 11 33 42 24 23 11 24 1 24 13 49 14 45 29 29 11 24 25 11 2 32 2 37 25 11 6 45
11 33 13 24 45 13 8 32 27 36 39 23 36 17 8 8 19 17 13 24 16 12 24 26 17 13 14 50 12 11 24 32 50 10 13 42 50 24 39 26 24 45 33 30 10 33 16 16 30 17
29 43 16 33 26 39 18 32 2 39 24 14 6 25 11 23 8 1 25 18 25 27 1 9 42 27 11 26 39 27 24 42 11 24 12 19 37 24 27 50 19 24 38 11 9 29 33 11 2 42
23 17 11 45 43 24 50 39 48 10 12 39 11 23 49 23 27 27 39 11 18 25 38 23 14 24 13 11 11 23 42 37 24 23 24 39 23 33 17 1 50 48 11 16 9 33 50 48 45 39
26 11 24 39 17 37 23 39 49 30 27 27 25 27 16 32 39 42 24 19 29 11 23 26 2 30 1 26 50 48 29 43 16 26 50 24 27 43 43 24 24 39 30 43 24 11 50 29 49 37
39 1 11 1 50 26 39 2 12 2 23 8 17 19 42 32 24 42 39 11 17 39 42 38 2 30 12 18 23 6 23 8 2 42 24 11 39 30 50 13 16 8 2 42 11 36 19 11 11 45
13 14 25 25 17 24 38 50 11 36 48 50 11 24 36 50 49 16 29 36 24 49 26 25 26 29 39 27 24 39 11 8 32 13 42 39 42 39 9 30 12 24 19 11 14 43 32 38 50 23
1 23 23 24 42 42 29 24 24 45 37 6 39 49 19 39 45 23 39 38 29 50 6 29 23 19 39 33 17 43 50 13 30 24 33 30 50 24 29 36 14 24 39 17 38 33 42 13 24 27
6 25 26 24 8 27 24 45 29 29 1 50 27 23 39 37 1 11 24 17 27 29 8 32 48 27 19 36 38 45 29 26 2 11 33 23 29 24 50 42 26 6 39 30 11 49 42 24 36 39
32 25 2 11 27 2 49 11 18 16 11 17 32 39 39 48 29 29 23 16 12 23 27 2 2 11 29 17 11 11 24 11 26 48 25 11 19 37 19 17 11 42 2 39 16 17 17 13 50 25
38 1 43 26 9 23 10 39 17 19 8 24 33 42 48 2 12 24 36 49 29 42 6 38 43 26 39 23 24 42 42 30 25 17 1 42 24 37 8 23 50 48 6 17 48 11 37 24 38 36
42 6 39 30 17 17 26 8 11 23 27 42 39 27 50 11 18 9 48 38 39 13 23 42 43 11 16 17 2 45 11 38 37 27 23 9 11 11 24 43 45 23 1 11 23 30 16 49 19 39
18 12 39 29 9 2 23 36 14 6 27 10 16 27 14 36 50 29 16 27 10 26 24 18 23 25 26 43 14 25 11 9 17 29 11 24 11 19 23 25 38 11 8 23 23 23 30 37 27 24
49 17 39 30 42 9 50 24 32 16 30 48 11 26 38 18 48 14 8 13 39 36 23 17 36 10 24 23 11 27 23 39 48 9 42 27 50 24 27 23 43 23 11 39 29 6 37 49 24 17
42 42 6 19 24 8 12 8 24 27 50 50 12 23 23 23 8 33 24 24 36 23 10 50 17 29 37 27 14 33 2 17 24 27 23 24 11 10 24 38 30 9 38 24 24 36 42 29 13 1
25 39 24 24 49 49 19 32 17 23 24 23 27 50 17 25 24 23 50 24 2 39 50 50 25 39 18 29 23 11 42 27 23 45 32 17 24 24 27 32 11 13 50 23 29 30 23 13 13 38
19 24 24 11 19 50 23 39 11 19 48 12 13 42 42 24 11 19 25 11 24 12 24 24 24 18 13 9 11 24 13 14 11 50 24 11 25 33 10 11 43 24 29 1 1 39 30 29 23 50
25 29 24 29 33 24 29 48 9 18 48 2 24 33 50 12 25 6 23 29 27 17 12 14 42 27 9 27 23 1 23 39 23 49 10 13 42 6 24 39 39 18 39 18 50 48 23 11 9 11
11 33 23 9 24 8 11 39 24 23 45 9 10 11 39 23 42 1 1 24 27 27 45 8 11 39 24 24 24 36 9 11 39 11 48 45 48 24 39 25 2 27 19 38 37 49 27 9 24 43
39 17 17 23 10 36 29 29 11 23 11 11 45 24 25 24 27 11 38 37 23 23 23 13 32 49 23 16 39 8 36 11 9 18 11 11 50 11 45 24 24 33 23 23 17 19 23 36 39 1
42 23 50 24 29 39 23 25 10 29 10 42 36 11 23 33 29 36 27 27 24 27 27 23 17 16 25 14 45 11 13 23 13 24 10 12 48 1 1 19 39 13 42 43 12 24 14 26 27 39
39 48 11 6 42 32 23 30 33 12 24 33 43 42 33 23 17 24 37 43 36 30 1 14 2 13 39 29 23 33 17 27 16 27 6 36 26 24 8 18 24 24 14 23 12 8 2 50 45 39
42 9 19 25 16 30 43 23 42 42 42 16 45 16 27 42 49 19 42 8 8 13 43 13 39 11 24 8 48 11 11 48 2 24 32 29 38 30 24 49 11 19 26 10 32 17 24 11 13 23
39 6 48 6 36 42 11 24 10 39 17 27 17 11 23 39 50 2 25 10 8 42 11 11 23 29 6 19 8 27 42 49 11 32 50 24 24 9 42 29 11 37 11 27 17 24 50 37 29 25
32 39 18 24 13 38 11 39 14 17 49 24 48 36 26 9 12 32 27 24 23 17 25 24 43 14 29 38 33 42 11 43 30 24 10 26 1 23 23 42 14 42 25 50 23 25 24 17 24 50
23 48 16 14 32 24 24 42 9 10 42 30 25 49 42 23 50 12 24 50 23 24 19 17 37 17 42 14 11 13 42 33 13 39 24 43 17 23 32 24 49 24 6 45 10 24 27 27 50 13
24 48 32 18 24 24 17 26 11 10 23 24 39 49 11 26 29 23 38 45 37 27 23 2 11 24 39 26 29 11 32 39 50 19 29 27 39 24 29 42 50 30 11 49 23 32 24 29 23 11
29 38 16 14 29 42 17 50 17 17 48 24 11 8 38 23 50 11 23 2 26 24 11 23 32 24 18 23 11 2 30 45 23 8 27 24 32 16 27 14 29 45 10 24 39 23 11 30 17 39
39 23 17 33 11 49 37 36 17 23 24 24 48 30 23 23 25 27 37 29 33 23 13 23 1 19 50 29 11 30 23 9 49 12 12 50 6 45 9 50 36 23 24 17 2 23 33 39 10 11
30 23 13 23 11 2 8 43 43 13 42 50 6 17 24 11 25 13 23 50 24 50 33 26 25 45 11 27 24 23 24 11 12 24 25 38 10 24 38 26 24 29 45 13 9 50 36 12 26 42
29 23 42 24 23 25 50 14 30 30 18 29 39 23 24 27 23 1 37 29 50 13 49 19 16 50 27 10 24 9 11 39 27 24 6 30 43 27 24 6 8 17 23 11 48 8 24 24 42 17
24 13 48 12 33 50 27 10 11 42 39 38 32 2 6 48 36 45 11 6 24 26 10 24 23 8 43 19 13 27 18 32 39 24 12 17 43 6 29 19 42 17 36 16 24 18 50 42 45 39
37 37 50 49 10 24 24 45 1 23 32 36 11 17 29 39 23 13 27 10 9 17 10 17 17 16 24 11 23 37 36 23 39 17 27 11 26 39 18 24 12 37 24 23 24 33 30 39 6 18
11 23 37 42 24 11 50 29 11 43 12 18 29 6 24 16 1 25 2 33 45 38 10 38 17 24 24 1 50 12 16 37 2 50 39 50 16 11 1 23 11 36 23 16 30 42 10 38 17 45
23 17 24 48 42 23 24 30 14 39 19 37 24 9 16 50 33 24 33 30 18 17 8 26 12 11 23 38 1 50 23 1 39 23 11 23 38 11 26 24 37 8 8 39 36 39 18 11 48 37
11 23 49 24 32 10 23 30 29 14 38 25 38 24 23 24 27 32 6 14 1 16 19 27 42 43 27 29 24 29 39 24 48 29 29 17 9 39 16 8 27 25 32 12 43 12 11 9 36 29
10 23 18 45 23 12 39 16 30 29 1 6 11 27 6 9 19 11 38 39 29 1 9 13 8 49 33 9 1 33 11 24 12 18 23 11 23 36 11 49 19 11 23 14 2 50 48 49 14 24
11 24 24 14 24 30 32 16 23 43 17 49 8 14 9 11 36 36 18 45 11 11 17 11 39 16 24 39 49 11 32 2 11 37 24 50 33 49 39 19 38 8 24 39 18 6 24 23 17 6
49 37 14 29 37 30 24 38 26 24 8 11 39 16 32 29 2 23 27 39 23 11 29 23 42 24 17 50 9 18 42 18 24 49 12 39 29 48 50 43 50 23 26 43 27 27 42 18 11 37
36 18 24 23 39 1 39 27 29 38 10 27 13 11 43 43 6 39 25 11 12 24 50 23 24 37 23 37 50 39 11 1 11 33 37 42 12 11 19 26 11 50 17 33 39 8 23 27 24 27
45 19 36 24 16 8 23 23 2 11 25 24 2 39 11 50 11 42 39 43 39 8 39 23 18 23 43 23 37 32 10 32 17 17 45 14 18 50 26 1 39 11 49 36 24 18 23 23 38 45
25 12 1 8 33 6 33 39 37 11 23 17 43 39 17 23 17 29 17 17 11 17 43 42 1 23 18 50 45 10 14 39 33 24 23 16 24 38 10 9 24 38 11 23 11 26 39 39 32 1
37 11 23 6 29 36 43 24 30 16 42 23 10 48 42 23 42 9 36 24 23 26 27 39 30 11 42 13 24 10 2 29 24 19 50 30 26 19 24 17 27 45 38 16 24 11 33 33 14 26
24 49 43 23 11 14 17 19 11 49 11 32 17 50 33 36 24 39 8 9 11 24 48 6 50 26 50 14 16 37 39 12 17 42 23 17 24 10 39 18 11 33 39 10 27 17 6 33 27 11
27 49 10 24 23 13 18 23 23 1 11 32 49 48 49 42 24 50 26 24 23 27 39 9 39 33 10 6 9 50 2 1 23 1 38 32 39 38 39 48 16 48 24 27 27 6 11 27 27 24
37 50 2 27 12 39 11 42 48 48 50 42 30 29 37 45 49 23 23 29 25 37 9 39 14 23 9 43 12 14 11 17 29 12 11 50 32 27 27 19 29 9 18 50 39 50 45 23 36 2
29 39 29 42 10 39 39 27 39 42 1 19 16 9 24 23 23 37 24 49 24 27 24 14 45 32 23 25 23 6 14 29 11 32 29 43 19 24 18 29 11 27 39 11 18 29 11 23 38 11
39 6 12 18 48 23 24 18 32 50 39 18 49 37 12 17 6 30 2 43 2 45 9 11 39 23 17 49 6 24 48 26 32 14 24 49 42 2 1 23 18 23 11 2 10 24 16 29 48 16
50
0 2 0 1 1 1 0 0 0 6 0 0 0 0 3 0 2 0 3 1 1 1 1 0 1 0 0 2 2 1 0 2 0 1 5 0 1 1 0 0 1 1 1 2 1 1 1 2 1 0
41 44 48 15 10 10 35 30 35 25 48 10 44 15 35 44 10 43 5 43 2 30 29 10 48 38 37 35 2 48 32 17 35 29 4 46 43 2 30 4 29 20 10 49 20 35 46 22 15 19
10 15 10 32 37 38 44 17 2 44 48 42 48 5 19 43 49 20 44 48 19 6 38 10 2 15 2 30 17 10 29 48 15 42 35 2 35 19 48 48 35 44 35 29 29 15 29 21 46 35
10 19 17 35 35 17 21 46 35 25 32 45 29 29 15 41 4 45 49 30 10 17 19 20 42 10 43 17 2 25 32 35 35 19 35 45 46 4 34 10 10 46 48 25 19 44 35 15 28 29
30 45 29 17 29 23 35 28 19 45 10 15 35 20 32 43 38 45 30 35 2 4 15 29 37 4 10 49 34 44 20 10 15 37 32 2 17 28 29 10 15 35 35 15 35 4 47 35 25 22
42 38 5 2 49 25 35 17 32 6 20 20 48 35 19 29 22 19 47 46 29 32 10 48 35 38 28 38 6 15 10 34 41 17 42 29 20 2 48 48 23 37 48 10 20 48 10 29 17 5
29 5 44 15 20 10 17 19 32 44 19 47 34 10 37 44 6 35 17 30 10 32 41 2 19 47 35 19 15 10 19 28 22 29 28 29 49 43 20 15 20 35 23 25 10 35 20 32 29 35
32 25 21 21 35 10 23 49 35 22 22 44 5 20 15 35 4 15 17 19 10 15 19 6 15 22 21 6 44 35 45 19 10 44 10 15 43 10 43 15 19 30 34 34 19 29 43 29 45 34
29 6 4 28 35 46 35 10 34 48 28 5 20 35 42 6 29 10 35 35 23 44 46 49 6 38 10 43 34 17 49 17 10 19 10 10 17 10 32 10 35 49 17 15 25 46 2 35 10 5
4 15 28 28 32 15 19 17 29 45 47 5 35 48 35 15 28 10 6 15 10 10 48 41 37 5 15 25 49 19 29 41 37 44 10 17 29 15 10 20 35 29 46 5 19 48 43 19 19 29
43 35 28 48 28 29 19 34 48 43 47 45 44 37 41 32 48 30 6 35 15 10 17 20 45 47 37 28 23 17 35 28 25 19 10 10 32 15 21 45 41 35 22 35 20 46 48 25 10 10
2 22 35 19 15 41 15 35 29 30 32 44 15 35 10 42 32 37 34 17 10 20 10 29 35 28 19 15 35 29 10 17 46 32 37 32 10 29 2 32 41 41 34 28 38 17 21 44 47 44
34 23 42 44 2 15 30 34 21 48 10 44 44 19 15 17 35 19 15 17 48 29 2 10 42 10 32 35 32 22 35 46 17 10 25 28 15 5 28 35 20 10 21 49 10 44 48 44 15 32
10 17 35 2 35 15 2 29 46 49 15 15 45 28 28 5 35 19 22 17 21 41 4 30 35 38 45 35 6 45 32 41 10 32 32 28 10 35 28 35 17 34 5 42 10 19 28 44 10 10
37 47 2 2 17 15 4 10 10 10 15 34 15 19 2 15 15 42 10 28 35 2 44 35 10 25 47 47 10 10 25 32 35 10 44 10 32 21 15 38 25 42 44 17 49 34 48 43 10 10
34 37 10 15 25 10 43 34 10 2 5 19 15 34 32 35 10 38 21 10 29 28 17 43 35 32 10 10 5 47 5 19 19 44 28 35 17 43 22 17 5 28 28 44 42 35 10 35 10 32
46 44 19 10 48 10 19 17 45 23 10 37 37 21 41 2 48 4 15 42 37 35 48 35 28 21 2 29 19 10 37 48 42 2 35 4 28 28 10 44 35 42 47 23 44 25 35 20 28 4
48 47 4 2 15 32 49 35 19 21 44 10 21 32 35 25 28 21 48 47 32 32 4 35 4 15 17 35 44 44 25 37 15 5 10 35 28 19 32 6 10 25 19 34 23 17 2 15 23 48
10 28 37 38 48 6 17 42 38 4 35 19 43 46 29 35 2 44 32 35 28 21 10 6 21 48 19 35 35 29 46 17 47 48 10 35 2 6 10 48 49 41 15 10 23 37 19 29 35 35
25 20 19 48 41 19 29 41 48 47 43 41 32 44 15 15 15 19 43 2 46 2 4 15 21 42 38 5 19 45 29 46 35 44 45 10 34 30 35 4 48 49 28 46 48 45 22 15 10 49
19 10 10 35 10 28 10 29 49 10 10 35 42 10 38 19 49 15 41 47 28 34 42 10 29 15 20 10 19 25 45 32 44 42 41 22 21 17 10 42 10 10 2 19 23 29 45 35 19 46
38 47 15 38 48 28 10 37 37 32 2 20 17 42 10 17 47 28 6 4 42 4 38 49 5 19 38 4 48 45 15 10 10 10 10 35 48 44 10 19 15 35 44 46 21 44 15 35 23 6
35 32 47 10 46 25 42 48 6 34 10 35 30 19 22 49 6 2 44 32 19 25 19 2 44 38 23 15 41 15 15 41 19 5 30 28 35 35 35 4 44 23 35 10 15 41 47 32 41 2
25 29 38 42 43 35 44 28 48 35 22 17 35 35 35 21 21 15 46 35 15 37 45 21 10 28 19 10 44 32 15 32 44 4 46 35 25 17 10 19 30 35 22 34 25 17 48 46 19 10
10 22 44 2 22 10 38 32 6 48 37 2 28 30 43 30 22 23 2 21 6 38 15 43 38 30 37 20 29 46 44 29 17 45 10 28 41 25 23 44 2 43 17 47 5 29 35 34 10 10
30 47 22 44 2 2 10 48 10 28 34 35 35 35 10 41 10 5 38 44 23 2 44 17 4 30 10 35 29 35 35 47 32 5 38 30 49 44 32 10 35 30 29 43 21 28 49 10 35 30
23 30 19 19 17 42 44 6 43 29 44 10 17 15 15 22 47 10 28 44 37 19 25 10 10 48 15 32 34 4 47 47 32 4 10 35 35 28 6 10 35 32 35 29 2 4 2 2 10 22
17 45 41 19 37 42 44 4 10 10 35 35 20 43 15 2 17 17 23 30 35 15 22 5 45 2 46 10 10 35 34 35 19 38 44 46 15 10 48 44 29 41 17 35 10 35 19 2 43 19
34 35 41 17 15 10 23 17 45 4 2 47 20 41 45 5 22 46 42 2 19 35 47 25 10 2 35 43 32 19 10 38 21 6 10 15 15 41 19 35 17 35 25 45 34 19 38 49 10 20
23 17 10 32 21 44 2 45 10 44 32 44 47 30 17 29 46 10 29 15 35 2 37 32 15 30 19 2 47 10 38 5 30 41 38 49 10 10 46 5 15 15 46 15 10 49 6 32 29 45
47 21 19 28 44 28 6 10 29 48 29 4 15 15 38 34 48 10 2 32 28 17 22 10 15 32 20 10 41 5 10 10 30 42 48 10 10 23 6 15 32 22 34 30 42 5 6 46 10 17
34 10 43 37 19 30 49 42 46 28 19 32 19 42 19 35 35 10 25 29 35 2 37 35 48 19 17 34 42 19 15 2 2 49 29 29 41 10 41 37 35 43 10 19 49 35 19 37 5 2
10 29 37 49 46 38 45 2 44 35 2 10 30 19 35 44 2 19 22 20 41 47 44 32 19 25 28 17 10 22 15 2 17 28 38 29 28 10 19 48 48 42 35 35 2 10 45 28 10 19
6 48 49 48 35 6 17 35 21 44 48 29 20 30 48 10 19 30 35 22 10 17 29 23 49 49 10 28 21 28 19 19 43 21 34 35 42 35 37 4 32 25 45 10 10 17 44 10 35 48
5 15 25 44 48 15 29 21 46 34 32 2 23 15 10 29 15 32 10 48 44 19 20 30 5 10 23 30 32 17 23 34 45 48 23 28 44 44 5 45 29 38 28 22 2 17 47 32 35 35
19 49 10 35 10 28 17 47 41 17 19 38 10 42 37 19 17 30 25 30 4 2 15 47 28 10 10 43 35 10 21 32 32 30 28 29 23 28 10 17 2 10 29 10 37 38 20 10 19 43
43 35 49 10 19 10 19 35 19 15 6 32 10 42 48 44 29 48 48 4 38 34 10 5 2 32 35 43 35 42 48 10 17 42 29 28 20 47 2 15 35 42 10 43 23 49 25 17 32 49
34 6 38 32 4 10 17 32 37 22 32 5 17 15 17 25 23 10 48 4 37 34 15 28 10 44 10 35 22 19 29 17 45 10 32 35 10 25 49 43 10 4 37 23 10 10 35 28 10 17
48 4 10 35 28 45 10 46 10 32 20 32 46 20 35 35 28 17 5 30 15 48 35 45 20 4 10 2 21 2 28 23 15 34 21 35 38 2 46 41 30 35 19 48 45 19 5 29 32 23
42 19 29 10 35 35 28 15 15 35 15 10 6 30 21 22 41 22 4 10 42 17 15 48 10 28 30 28 2 49 45 10 10 17 6 29 21 22 35 23 2 5 35 15 2 10 15 10 5 37
10 10 42 15 19 48 45 32 28 15 10 19 42 35 15 48 46 35 45 48 38 43 48 10 35 46 19 35 22 35 30 22 44 28 43 35 19 29 35 10 10 48 46 32 15 4 21 10 10 47
15 5 22 6 41 10 23 46 10 19 28 19 4 35 37 10 10 22 32 41 25 10 15 23 34 28 35 41 29 34 32 19 6 44 19 28 10 35 2 20 17 10 19 10 37 47 48 29 21 28
17 45 48 45 15 35 35 2 45 19 29 47 2 23 4 15 20 44 35 15 35 34 35 44 35 2 6 15 35 48 15 10 30 25 32 37 6 35 10 29 15 23 10 35 22 38 47 10 22 2
43 19 25 2 19 6 19 2 49 42 48 19 41 20 29 2 42 46 10 20 29 28 43 35 10 10 19 19 48 17 38 2 35 44 32 35 23 10 4 15 35 28 2 49 35 17 35 19 44 35
43 2 10 19 47 10 19 49 21 48 35 23 29 30 44 10 15 17 19 38 10 19 35 23 4 35 29 15 20 20 44 30 35 35 47 35 49 10 48 19 10 47 10 4 19 10 10 10 35 15
35 10 10 15 25 49 10 28 5 44 49 15 35 10 10 44 35 6 35 28 32 35 47 38 28 15 29 49 19 28 23 4 10 35 35 28 2 35 44 10 35 5 32 48 48 41 25 15 29 20
32 41 19 6 46 48 22 35 19 34 22 35 2 10 19 43 48 21 41 23 10 43 47 38 21 46 49 35 17 10 10 44 35 29 19 15 15 5 15 35 35 19 29 15 32 44 2 23 37 35
6 6 19 15 20 29 10 22 35 10 25 10 46 43 10 19 34 20 47 10 17 45 6 28 21 42 19 48 35 10 6 15 6 10 38 2 48 32 4 15 29 10 35 19 34 23 23 2 15 10
37 32 47 37 19 45 21 35 28 47 37 35 29 6 23 28 48 35 15 35 29 42 32 10 10 10 22 10 44 30 32 28 15 29 49 19 41 21 21 28 17 19 48 17 19 23 25 20 10 22
22 22 48 35 25 21 19 17 17 10 15 10 38 35 43 17 45 17 35 35 10 5 44 32 44 35 17 28 41 35 46 25 19 32 10 28 48 32 44 20 32 35 10 34 15 37 20 15 44 19
22 29 41 10 2 32 43 5 5 32 44 45 19 15 38 28 6 28 10 10 29 2 35 49 19 37 6 48 28 21 5 32 35 34 43 19 35 41 2 28 35 35 42 15 44 35 2 44 5 25
50
2 1 2 1 0 0 0 0 1 0 0 0 2 0 0 0 0 0 1 0 1 1 0 4 0 2 0 1 0 0 0 2 2 0 1 1 0 1 1 0 2 3 2 2 2 0 4 2 5 1
42 22 4 49 42 38 50 39 43 21 26 45 42 36 43 13 3 13 13 50 47 36 48 43 41 1 13 13 24 3 42 24 42 1 48 9 44 3 47 36 44 33 49 49 49 41 42 32 48 35
26 43 33 4 49 49 28 45 47 39 43 38 43 47 35 13 42 49 38 50 45 47 26 39 24 38 24 49 13 21 48 26 44 39 4 2 24 44 49 48 13 44 42 1 47 36 47 9 47 39
3 49 45 45 33 1 44 24 44 45 44 43 13 33 39 24 44 48 42 50 2 24 1 42 49 49 19 48 49 3 48 26 1 2 47 42 3 2 24 49 43 22 9 2 3 24 4 24 49 48
47 38 36 32 36 50 3 36 1 47 47 47 49 49 2 2 49 42 19 48 19 36 50 42 3 24 49 42 50 24 33 3 48 2 47 49 9 47 9 2 47 45 1 47 28 19 13 33 47 39
49 13 24 45 41 47 45 2 45 21 42 3 35 26 32 45 45 24 33 35 1 49 49 43 3 47 47 49 32 49 48 42 47 49 49 3 26 45 32 24 1 22 32 38 42 22 21 47 1 47
21 42 48 45 21 44 24 32 13 24 24 33 24 49 50 41 2 22 33 1 43 41 1 41 13 3 26 3 2 42 24 3 28 9 32 44 24 44 13 24 43 49 42 21 1 49 24 49 13 44
28 24 1 45 41 47 22 28 13 44 41 24 41 32 33 3 24 33 47 3 45 42 43 42 44 47 42 32 42 41 21 21 24 47 4 19 1 35 49 44 28 36 42 42 32 1 44 39 43 24
47 49 13 19 49 4 24 42 49 13 22 38 42 24 47 32 49 45 3 32 42 24 32 3 26 38 41 38 26 38 45 28 44 43 41 49 4 41 32 32 50 32 49 28 19 13 28 9 47 38
42 21 42 36 49 26 3 49 41 4 45 21 21 24 24 45 21 32 24 22 33 4 47 43 49 19 2 47 35 47 41 33 49 24 2 26 48 49 49 28 1 24 28 35 49 24 41 43 44 44
48 33 41 1 3 28 24 39 13 24 43 24 13 33 42 39 45 32 49 42 50 26 1 24 13 45 49 26 49 39 33 26 22 48 47 13 28 1 49 44 13 45 50 26 49 49 47 49 47 3
47 47 28 49 32 1 50 4 33 49 3 45 44 24 45 26 49 48 28 32 2 41 13 42 41 44 47 33 22 43 44 1 4 1 35 13 44 24 47 3 42 26 2 24 26 42 47 22 26 9
21 47 22 47 47 26 24 3 47 13 45 49 44 41 42 44 45 49 49 26 49 45 32 1 43 24 4 24 44 13 26 42 43 33 36 49 47 35 44 49 3 47 32 21 9 47 41 32 26 50
45 28 42 24 3 44 48 1 26 4 33 49 1 47 36 9 50 13 22 32 49 13 45 26 48 42 38 35 43 32 47 32 48 2 21 3 28 32 45 47 47 9 48 32 43 48 24 26 49 33
26 4 42 42 41 19 24 45 24 24 43 44 41 43 41 1 42 2 22 36 36 39 32 43 32 13 48 13 24 3 2 35 48 4 45 44 32 26 45 36 48 47 42 3 24 43 19 48 48 47
49 48 24 24 43 32 24 43 26 4 48 19 36 2 19 49 19 28 41 3 36 24 42 47 24 49 48 33 24 32 47 21 42 24 21 47 1 24 4 48 42 24 19 3 4 39 49 43 28 42
19 24 41 24 4 26 26 19 26 13 42 33 22 49 45 33 48 33 4 13 32 48 24 3 3 49 45 21 35 13 19 38 49 44 47 41 47 44 4 44 4 24 43 28 42 48 24 44 21 39
22 4 1 13 24 42 22 9 49 47 19 45 13 48 33 45 44 24 19 38 3 24 33 4 35 26 50 48 45 43 43 39 38 45 13 26 24 24 48 41 41 42 22 33 44 50 41 33 42 39
28 48 13 47 47 41 42 1 24 1 35 24 32 49 22 49 9 24 49 45 1 24 42 36 43 24 43 36 36 24 13 28 33 49 24 28 44 1 41 45 26 45 41 33 45 26 32 24 24 42
21 24 49 39 47 26 32 41 41 32 26 49 47 50 26 42 3 9 42 24 32 49 24 44 4 49 35 49 48 42 49 4 43 44 49 4 1 49 35 49 41 50 35 49 48 1 45 24 32 24
45 38 3 44 26 47 45 35 48 24 48 26 9 35 22 3 21 36 24 21 47 1 19 26 48 13 42 47 32 1 42 4 1 33 3 49 42 44 48 49 49 44 41 42 49 36 49 39 32 24
35 26 26 24 22 38 33 3 38 32 44 36 44 22 24 47 39 24 49 48 44 43 49 41 42 26 35 49 43 47 4 43 44 21 47 38 36 41 28 19 45 50 47 2 42 39 24 38 49 21
43 26 39 49 21 43 33 24 44 43 28 43 41 32 42 1 49 24 24 47 26 13 41 28 24 41 47 48 32 47 42 41 32 13 3 19 24 4 26 48 47 47 22 24 38 24 35 1 38 24
49 1 22 48 2 43 44 38 48 35 50 47 45 24 41 47 50 41 49 24 26 1 24 41 44 33 33 47 32 44 32 41 42 22 2 45 39 9 49 42 13 9 41 3 9 41 47 41 42 3
24 41 24 26 47 47 3 24 47 39 50 24 45 49 45 50 32 45 24 42 22 32 24 47 13 42 49 49 48 41 36 48 24 41 47 28 47 19 39 49 49 42 49 24 44 9 49 49 45 49
42 47 42 47 50 1 24 50 36 35 36 43 32 45 2 49 47 13 49 45 47 2 4 35 49 49 26 28 32 35 47 1 4 24 26 48 13 32 47 41 21 41 38 24 45 4 3 49 32 36
38 47 4 41 41 47 24 36 3 45 9 48 49 41 44 24 32 48 9 3 43 33 43 22 42 26 13 28 49 13 39 3 41 49 49 19 3 33 43 32 24 49 49 49 42 48 48 41 3 1
26 44 33 41 4 44 49 49 47 42 47 24 48 28 42 9 2 42 3 49 44 44 13 2 47 45 43 19 35 2 2 50 32 49 48 47 42 50 48 43 22 49 32 49 3 43 39 26 4 50
4 47 1 41 32 48 24 47 4 49 3 47 41 43 4 44 9 32 47 49 43 22 44 47 42 24 1 49 49 19 49 24 1 45 50 38 13 47 19 49 24 1 48 42 21 21 32 49 19 47
38 24 47 47 49 3 32 4 49 47 39 26 49 24 24 48 49 39 28 13 47 33 49 47 19 13 24 49 49 24 19 35 32 41 49 3 13 33 49 2 49 33 44 43 24 22 1 42 1 35
9 47 19 2 33 33 42 21 49 24 33 42 1 41 24 47 1 26 50 24 43 33 47 39 33 33 49 32 9 43 32 48 24 49 3 49 4 42 42 39 42 24 45 19 48 33 1 49 43 19
48 19 49 32 48 42 1 13 49 38 43 1 9 1 32 44 9 26 47 22 38 43 49 26 50 43 38 42 13 1 13 24 24 50 21 32 13 1 33 50 39 13 35 24 1 49 49 24 41 49
13 13 48 13 22 42 49 42 3 38 49 48 44 2 2 13 44 3 49 26 19 49 44 42 19 47 21 42 21 3 49 9 3 43 9 9 33 21 22 49 26 24 13 28 1 49 49 21 47 33
1 43 36 41 19 4 39 24 44 48 28 32 33 22 19 42 49 24 1 48 44 13 48 3 24 49 1 43 47 3 42 3 49 1 26 13 33 24 39 24 43 1 41 32 24 47 26 41 43 2
48 49 41 45 1 22 42 49 13 19 47 44 41 24 22 38 47 47 41 36 44 24 48 39 49 1 38 42 43 3 44 13 45 26 44 47 2 4 47 47 43 44 24 45 13 45 24 32 28 39
9 49 33 43 48 43 13 44 49 24 36 42 36 41 3 36 39 19 47 47 32 21 26 26 33 49 2 45 47 26 24 24 33 1 22 36 44 26 41 19 19 22 41 47 49 49 45 50 26 36
1 35 43 47 45 41 13 13 47 26 19 33 9 39 28 24 26 42 45 48 49 50 49 42 35 33 36 48 32 43 48 44 33 3 24 47 38 2 47 32 47 13 2 24 33 42 22 47 26 47
50 45 42 47 44 33 2 47 33 38 3 9 33 50 32 47 49 24 33 4 48 49 49 49 3 48 24 35 19 47 24 47 47 42 28 24 2 13 22 47 35 49 21 26 1 19 36 43 49 42
41 43 42 50 42 47 49 49 22 47 24 3 48 26 13 33 44 45 32 3 49 49 36 28 49 9 48 48 42 33 39 44 33 50 47 48 24 48 43 49 28 48 33 33 50 50 1 47 21 21
26 49 13 47 24 36 33 3 33 26 43 26 1 9 21 45 33 42 49 19 47 49 26 33 3 38 41 44 49 41 13 24 42 9 47 2 45 33 49 24 43 42 3 24 45 3 21 24 42 35
42 32 49 44 42 1 47 3 49 13 49 22 44 47 32 42 47 1 26 42 3 35 28 49 41 32 36 41 26 26 43 38 49 1 39 42 48 28 22 42 49 1 9 49 13 3 44 1 24 47
2 13 35 36 41 50 33 45 32 49 22 35 48 45 32 45 49 41 47 45 42 24 28 42 47 33 49 35 48 49 32 1 32 21 38 26 48 26 33 9 49 24 1 33 33 44 38 49 47 3
50 49 24 47 48 33 32 9 32 47 1 35 32 41 45 39 13 35 38 35 38 32 47 38 45 32 39 49 33 1 13 47 42 1 47 50 24 35 49 45 49 49 3 44 47 42 47 9 49 41
13 26 1 44 26 38 47 22 13 43 32 45 26 45 43 4 47 41 42 32 49 21 49 44 3 44 32 1 3 13 44 47 47 33 42 49 4 21 50 49 3 43 1 38 33 28 26 19 43 26
26 24 4 47 49 21 32 39 24 13 22 47 42 49 47 3 33 35 33 42 44 13 43 35 42 24 3 33 1 44 33 42 3 50 49 36 47 13 47 43 45 24 38 32 24 13 19 48 9 24
3 1 3 48 42 1 50 47 49 43 39 44 45 3 21 47 49 42 47 43 43 43 28 49 49 9 38 3 13 41 9 39 45 43 9 1 41 49 22 36 38 28 21 36 49 35 24 49 36 3
45 41 44 42 9 45 28 47 2 13 49 42 43 24 47 48 49 42 41 2 43 49 45 4 13 24 43 24 42 47 42 45 43 2 43 3 2 9 47 33 13 3 13 2 41 43 49 47 33 2
50 24 47 3 33 24 13 49 41 33 43 41 13 45 47 43 33 33 21 47 4 47 42 39 26 24 32 47 39 47 26 1 43 47 1 3 42 4 49 50 49 24 9 49 24 24 47 9 47 49
41 13 35 1 2 36 24 49 3 21 45 44 1 43 42 35 26 48 41 47 19 24 47 47 47 9 26 9 38 48 42 42 44 49 39 49 32 41 43 45 32 49 28 49 36 24 47 35 49 49
47 45 24 45 35 13 39 47 26 38 42 49 24 45 28 19 36 1 28 48 43 45 41 49 13 49 41 44 42 38 3 24 24 33 45 41 47 1 49 44 42 21 32 47 50 42 44 45 43 33
26 49 48 42 22 33 48 3 42 42 49 1 48 41 39 47 42 33 1 45 22 13 48 26 42 24 1 26 44 26 28 32 24 28 39 44 32 49 33 36 49 44 22 24 33 3 26 24 2 3
50
3 0 0 0 1 4 1 0 3 0 1 1 3 1 1 1 1 2 1 1 0 3 1 2 0 2 1 0 0 1 1 2 1 1 0 0 0 1 1 1 1 1 2 0 0 2 0 0 0 1
43 5 7 19 22 46 41 22 24 46 22 1 17 23 27 6 9 27 12 43 39 15 40 32 5 18 1 6 1 15 13 42 18 6 5 16 40 42 46 1 6 26 24 12 6 46 22 19 6 22
27 26 46 27 7 27 11 9 41 39 27 26 1 20 15 12 14 6 32 18 42 46 9 22 31 27 22 6 14 32 6 32 6 42 46 33 18 11 46 38 27 16 32 32 11 5 1 24 11 23
50 6 26 18 1 16 39 38 32 30 43 7 9 38 26 20 43 9 11 24 5 40 6 33 33 6 13 39 6 14 5 1 32 40 32 19 1 1 24 34 12 11 46 9 7 13 6 50 38 11
30 27 24 27 40 9 13 9 9 43 27 15 27 9 7 46 24 9 24 19 12 40 9 15 19 34 42 23 15 9 16 6 13 1 20 12 18 46 14 6 22 40 9 33 18 46 1 13 33 14
43 17 5 30 6 13 46 13 18 32 32 15 17 1 33 30 14 46 6 23 16 43 43 33 14 12 13 41 41 22 16 27 43 40 40 12 18 22 26 6 1 24 46 5 20 17 22 46 13 18
50 38 22 24 13 22 22 6 31 22 46 1 6 11 34 16 22 6 26 22 13 43 34 9 39 27 42 24 24 1 43 18 6 22 43 43 24 13 46 46 7 32 26 9 11 6 13 6 26 19
9 17 26 46 9 18 12 26 17 32 11 32 32 6 24 24 12 22 26 6 13 50 33 27 46 26 9 18 26 46 22 12 34 20 18 18 34 16 32 39 43 19 38 32 23 26 32 40 13 22
40 6 50 24 33 38 7 43 26 22 46 46 31 22 39 14 32 26 11 14 26 18 26 9 6 16 19 6 18 17 13 9 14 27 1 34 9 32 38 38 1 13 23 15 13 17 18 11 14 13
20 6 18 33 19 32 11 6 15 39 24 27 23 24 9 32 20 24 9 50 6 38 9 46 30 22 17 43 14 7 22 38 34 13 6 40 16 40 22 22 1 27 9 7 19 13 34 20 31 20
26 13 34 14 16 13 22 38 31 13 12 1 31 1 33 23 43 33 30 18 43 9 40 26 9 1 26 6 13 17 43 6 9 12 20 12 14 6 24 13 22 50 41 9 5 23 20 24 39 20
22 5 7 12 11 6 18 24 33 31 31 14 22 22 27 1 26 43 26 15 14 43 1 16 31 24 23 20 1 31 30 32 32 17 17 41 19 23 43 42 46 43 50 11 15 50 39 13 22 30
32 27 9 5 6 13 9 1 46 24 32 22 18 7 5 15 46 22 6 14 13 16 5 9 5 6 9 17 1 13 6 46 27 40 22 32 13 46 13 26 13 12 50 17 38 39 26 9 14 16
16 33 26 6 22 24 43 18 31 1 34 38 31 11 14 19 22 1 7 41 26 32 22 22 14 46 14 27 39 15 41 16 32 6 6 26 7 1 6 1 34 38 22 1 39 7 43 17 38 34
18 31 9 18 19 41 16 9 9 18 20 39 18 9 46 43 9 50 24 40 7 32 41 6 27 1 46 6 42 6 34 7 1 23 32 7 26 19 15 9 24 6 22 9 6 11 22 30 46 6
33 34 16 7 9 6 19 42 13 32 13 9 43 43 15 22 13 13 31 6 34 42 43 22 40 41 43 32 1 32 43 30 32 9 1 9 6 6 18 32 38 24 23 43 14 23 1 26 26 13
9 13 32 23 12 9 5 1 12 6 26 13 27 31 26 15 6 33 23 40 43 32 26 43 22 39 50 1 33 38 24 16 6 32 42 1 43 26 13 5 27 9 30 18 13 1 5 34 30 6
41 11 24 20 43 18 1 13 38 27 50 38 6 42 41 13 31 19 24 41 23 22 24 22 13 32 43 23 9 9 42 32 9 1 6 22 16 38 17 22 9 41 6 1 18 9 22 40 13 22
24 18 19 6 22 20 46 22 43 27 22 12 18 32 43 43 14 19 18 13 14 13 1 20 14 30 46 5 32 22 43 50 43 33 6 15 42 24 17 9 46 6 12 38 12 1 6 6 30 38
38 15 26 43 1 22 18 6 12 46 22 46 26 26 24 6 50 20 33 7 24 9 9 1 46 46 13 9 26 24 26 46 40 6 6 42 6 27 19 6 38 22 39 9 15 41 6 6 18 12
13 33 6 15 26 15 6 42 46 9 30 42 26 40 30 9 17 41 26 22 18 13 6 26 32 32 43 38 13 32 15 20 9 26 13 15 22 22 23 32 6 50 5 19 17 22 20 22 32 41
1 40 24 24 46 13 32 6 30 13 40 6 34 22 9 43 13 43 9 41 9 6 13 18 22 11 13 27 6 33 22 16 9 30 1 1 9 6 32 22 1 24 13 22 11 7 22 6 6 43
11 32 18 14 46 5 18 46 16 24 6 6 9 40 26 6 31 26 9 5 24 15 23 9 26 39 32 26 30 17 33 40 43 18 6 6 9 26 19 46 5 30 1 14 41 31 27 6 46 31
33 14 19 26 46 20 40 32 7 24 6 41 13 18 22 38 7 11 42 18 1 13 46 31 24 50 40 6 24 22 50 19 26 11 23 23 6 1 50 31 34 30 50 50 22 32 12 18 13 43
15 9 40 9 9 18 5 41 30 16 33 39 1 1 27 38 16 30 18 9 22 17 14 13 33 46 7 1 43 34 19 18 11 32 13 34 32 32 26 26 24 22 32 31 22 40 16 22 12 31
5 1 39 17 39 13 22 5 19 20 1 26 30 46 20 26 6 9 9 32 24 38 39 46 40 32 6 1 13 19 41 22 1 13 18 9 42 18 19 42 6 42 13 13 16 19 7 26 13 1
39 22 31 23 38 11 34 16 26 40 13 26 13 30 1 15 32 6 6 22 43 11 46 31 6 27 19 6 13 22 9 40 13 22 20 5 11 13 22 23 31 9 18 13 30 14 1 18 17 43
17 5 9 20 6 26 30 46 13 24 22 22 38 18 24 32 22 6 50 30 24 20 32 16 1 9 18 27 20 12 6 26 42 1 39 6 34 41 6 13 38 13 22 1 13 41 20 6 50 15
1 17 32 50 46 40 22 32 6 9 46 13 24 42 42 6 50 11 14 22 1 24 38 43 23 22 16 1 6 26 33 50 18 6 13 11 12 14 13 46 23 34 42 6 1 22 9 6 23 17
9 22 43 30 6 16 50 18 16 1 20 24 18 9 9 43 1 18 33 33 15 43 12 22 12 22 27 9 43 30 6 34 30 6 1 22 50 6 46 41 17 1 18 34 9 1 1 50 17 22
11 17 17 5 22 18 26 9 13 41 22 32 5 9 32 18 15 46 42 18 7 20 13 43 9 13 24 30 20 14 30 30 27 27 9 17 30 13 1 33 33 9 43 22 19 9 1 1 9 33
18 18 41 22 24 17 24 18 26 39 20 9 32 24 9 32 39 5 20 46 24 13 41 39 1 9 20 1 5 1 13 20 38 9 26 16 6 23 31 46 27 12 9 39 22 26 9 39 6 1
1 18 6 26 32 13 9 13 26 1 13 1 23 15 24 50 23 5 27 12 24 23 41 5 5 1 14 26 13 12 42 41 11 6 39 7 33 22 34 1 26 23 6 6 46 31 26 6 27 17
18 1 42 43 42 7 19 9 43 13 7 32 33 18 5 18 46 31 13 38 13 12 24 13 7 34 1 50 24 26 46 43 16 1 22 40 12 24 17 32 42 20 42 5 39 24 11 1 34 43
50 6 31 46 13 17 11 46 7 43 1 6 6 24 22 20 31 18 46 24 46 24 9 31 19 43 15 6 24 43 33 23 6 39 32 42 38 6 23 1 46 33 1 41 1 9 6 32 15 38
9 24 32 11 19 6 13 9 39 6 24 38 9 43 27 43 1 1 19 1 11 9 31 24 9 32 7 11 6 19 1 19 1 50 42 34 1 41 46 16 6 46 6 23 9 1 14 9 46 22
9 22 32 18 42 14 40 15 18 39 1 13 24 26 18 26 5 42 43 6 9 9 30 1 6 30 42 7 6 13 33 1 13 46 50 41 13 31 13 23 32 7 43 41 6 13 20 16 6 27
24 34 41 9 24 6 19 23 14 32 22 43 39 41 22 6 23 13 15 23 26 50 22 22 15 9 12 17 38 24 19 1 23 43 40 11 32 6 20 13 6 31 17 34 22 13 1 33 27 9
46 5 12 6 38 1 46 18 9 24 46 38 13 31 43 1 22 18 11 46 23 1 46 43 12 18 22 13 34 50 13 18 19 5 22 40 50 9 9 50 16 46 13 1 1 9 43 7 9 13
42 23 5 18 1 20 26 13 26 32 30 15 30 17 50 14 31 22 13 42 39 24 43 13 46 18 11 39 40 40 33 41 6 9 41 13 15 13 9 39 38 6 5 40 12 6 13 7 22 9
14 16 1 46 26 43 9 26 15 22 14 40 46 1 34 13 34 5 13 46 13 22 9 17 41 11 6 1 40 24 19 43 9 32 18 50 22 31 18 6 6 41 6 1 9 17 46 27 33 24
12 1 22 40 18 39 19 18 30 31 32 34 9 15 6 14 43 27 6 40 12 33 13 34 34 22 23 7 18 33 9 9 33 32 46 6 22 24 50 18 19 39 14 17 15 12 6 41 13 43
6 31 43 18 30 6 12 6 41 5 6 34 11 22 9 6 1 22 15 20 1 24 34 9 7 43 50 43 18 46 26 22 42 1 9 32 19 20 13 6 17 1 38 5 26 42 24 7 27 22
6 23 43 13 41 24 6 27 39 32 1 15 20 14 41 50 33 32 15 6 26 11 46 31 16 12 6 24 6 13 6 23 26 13 5 15 9 6 33 18 16 43 33 24 41 11 9 43 11 1
32 31 22 17 6 34 13 1 22 22 14 50 17 12 23 40 43 32 22 34 26 26 16 20 22 7 18 9 26 5 41 9 34 26 24 16 1 23 1 12 16 27 6 30 39 6 15 43 1 46
32 30 22 22 31 20 20 9 39 41 13 6 22 12 13 22 17 13 32 13 1 27 17 42 6 24 30 34 9 15 7 23 43 38 6 33 12 7 11 11 46 38 34 18 24 7 17 6 39 13
42 20 14 1 11 42 42 34 30 38 13 31 26 26 30 19 24 46 32 13 24 9 42 14 11 5 23 1 26 31 26 34 43 1 9 39 19 11 19 6 1 43 6 19 6 18 22 16 1 42
16 18 42 40 13 14 33 26 33 26 30 34 22 1 18 39 13 26 34 26 6 18 24 42 6 26 31 1 13 20 1 1 26 30 22 24 13 13 6 13 1 32 24 32 30 7 38 43 16 1
6 9 14 9 46 6 5 6 19 16 14 5 18 22 7 46 1 43 30 22 32 18 39 31 15 7 7 46 9 13 22 39 43 13 50 41 6 42 7 6 17 19 26 46 1 20 18 9 18 7
19 24 22 40 22 12 43 46 14 22 32 38 9 13 6 1 24 43 22 43 38 32 43 13 1 6 11 16 39 22 34 39 22 6 50 6 12 26 42 16 46 50 17 46 24 46 22 38 50 40
24 50 18 43 43 1 23 5 6 1 7 13 6 31 13 15 20 31 41 18 24 39 17 40 32 27 13 32 7 31 22 24 32 6 33 46 15 16 16 33 1 24 18 6 6 40 12 50 15 27
50
0 0 1 1 1 0 3 0 2 1 0 1 0 3 1 0 0 0 1 1 2 0 1 4 1 1 2 1 1 1 0 0 1 1 1 0 1 1 1 1 0 1 1 1 7 1 1 1 0 0
42 26 20 24 29 48 30 23 7 24 21 7 27 14 45 9 29 27 45 23 12 26 25 5 27 45 27 25 14 45 48 44 7 24 27 7 33 45 24 45 30 48 7 46 10 47 45 45 45 9
27 14 38 24 23 24 5 45 40 24 45 33 45 45 45 27 44 45 12 3 26 3 3 24 24 24 9 14 23 24 45 40 39 45 9 29 9 15 19 29 45 29 35 29 38 15 3 47 3 24
19 5 15 46 5 14 45 9 5 43 48 45 47 21 14 26 45 29 27 4 5 10 37 20 14 9 24 28 24 34 42 29 9 45 35 42 19 45 14 14 24 28 45 23 7 4 47 45 42 27
14 24 23 24 5 40 14 23 45 43 20 47 24 20 33 19 9 40 9 24 35 24 42 20 7 21 19 45 14 10 9 14 45 38 26 9 10 47 30 4 9 20 34 7 45 5 12 39 45 27
7 34 21 48 24 29 12 44 24 10 45 15 9 37 40 7 7 7 7 14 14 21 24 7 45 45 7 7 30 45 44 42 48 25 37 23 21 45 21 21 14 45 38 45 9 15 9 45 40 14
47 27 37 24 37 7 14 7 21 14 45 39 24 24 45 42 45 21 27 45 37 39 45 37 40 21 23 9 14 15 45 14 14 24 9 7 48 44 14 7 24 46 34 43 45 35 45 7 43 9
37 47 10 33 45 27 15 14 27 14 34 3 37 14 12 5 33 26 5 7 12 9 21 7 14 37 35 7 38 24 7 14 5 45 45 21 35 3 39 47 21 19 38 23 34 9 21 46 30 12
46 35 10 40 33 45 34 23 38 24 45 27 27 21 19 43 9 24 28 4 12 21 7 48 38 14 33 37 27 27 3 7 12 44 26 44 45 42 7 45 21 40 29 43 7 44 14 47 12 37
19 27 45 10 39 40 9 27 45 3 35 44 20 7 15 45 34 7 47 7 34 5 25 35 37 9 38 27 23 27 23 45 42 45 29 33 28 12 21 24 21 27 47 28 7 35 45 23 7 29
10 39 43 24 12 28 25 7 28 44 7 48 45 43 45 45 46 23 14 12 24 24 5 30 27 45 33 14 20 45 24 5 21 38 20 45 24 20 14 35 45 45 4 15 20 12 45 45 45 40
19 7 45 37 12 7 24 47 43 45 14 30 14 24 24 21 3 25 7 20 4 29 47 23 12 21 45 4 46 45 45 24 14 27 9 28 23 15 25 10 39 10 14 5 7 14 21 28 24 27
40 27 34 3 21 29 33 14 45 14 48 45 14 14 43 42 14 43 12 40 21 25 14 7 48 40 45 45 21 46 45 21 7 45 14 47 44 9 42 45 45 45 4 33 10 15 3 34 45 7
24 27 45 9 48 45 29 7 9 45 45 26 4 45 44 34 4 43 26 33 24 34 45 42 33 45 3 24 24 19 7 24 39 20 46 28 9 25 24 34 14 39 27 47 24 15 26 12 3 21
7 40 28 14 28 24 47 5 38 44 19 10 45 28 27 40 4 14 26 45 29 27 10 27 7 21 10 7 42 24 37 29 9 45 7 9 40 45 24 20 35 14 44 20 28 43 19 24 30 45
14 19 10 30 35 48 12 34 14 45 29 7 45 21 4 45 35 27 7 42 7 45 37 37 25 9 28 20 45 12 45 48 7 39 47 15 20 42 20 12 23 38 35 45 24 24 28 33 39 25
23 27 14 40 19 37 25 24 46 33 40 7 45 24 33 43 45 7 35 45 44 7 21 24 37 30 27 25 45 48 43 24 45 44 28 39 7 26 9 10 26 27 39 30 24 45 9 44 25 23
27 23 45 45 20 14 10 20 9 45 45 45 4 35 37 39 47 24 3 46 21 45 5 30 45 24 45 3 4 45 40 37 38 7 7 24 47 21 30 45 45 37 27 4 37 12 14 12 26 21
39 10 14 7 24 28 7 24 34 12 33 45 24 5 21 24 24 45 48 24 21 45 43 14 43 40 21 23 35 44 33 45 46 20 45 20 42 7 19 14 15 9 37 35 45 14 26 42 45 21
27 40 24 27 15 30 14 24 28 33 12 26 24 45 19 29 5 21 14 39 26 43 19 4 40 12 24 12 35 25 27 44 40 40 39 25 24 45 19 14 19 30 33 33 14 5 23 10 45 9
10 9 9 45 34 29 45 4 45 19 45 26 19 7 46 24 34 43 34 45 21 45 24 42 24 24 24 21 30 15 19 9 45 45 25 46 26 20 45 34 24 33 38 7 5 37 35 10 35 26
7 24 45 44 7 12 3 3 29 45 27 9 42 24 7 14 27 24 14 29 35 15 40 39 24 4 24 12 27 37 37 4 42 46 45 19 45 23 14 38 45 46 43 14 14 26 14 45 7 37
9 39 42 29 43 47 45 45 21 40 35 43 7 5 45 45 5 12 45 15 3 33 14 14 10 7 9 5 3 5 15 45 45 7 48 24 3 7 14 45 15 46 24 9 23 28 33 7 23 21
7 14 30 45 12 45 14 26 23 4 14 14 10 46 46 47 42 9 21 45 43 29 24 9 10 46 25 5 24 28 47 29 14 9 47 44 27 19 14 14 28 47 20 10 27 30 12 7 29 42
29 14 45 27 34 29 24 21 14 45 27 25 7 42 45 7 15 48 45 4 26 45 27 25 24 34 26 23 29 34 34 39 45 14 45 39 48 10 33 45 48 45 20 45 25 24 45 42 28 21
27 34 26 3 3 25 34 9 23 24 9 45 39 25 45 5 5 21 27 24 9 45 37 45 9 15 7 25 45 47 45 34 28 30 14 7 45 27 29 33 26 3 45 20 24 10 21 25 34 38
45 33 7 27 45 47 24 45 33 45 21 48 27 24 15 9 45 39 28 45 45 7 21 9 25 45 24 44 5 30 24 23 38 45 9 28 7 7 40 28 26 37 45 21 39 12 5 30 34 45
28 4 28 44 23 44 24 45 24 28 12 35 26 45 7 15 26 23 38 45 3 38 45 19 15 37 45 43 15 45 23 24 45 35 14 9 40 27 9 3 24 14 24 33 47 33 43 30 10 27
45 44 7 7 7 23 21 38 24 21 48 39 23 45 42 27 45 34 44 45 45 9 7 46 14 20 14 27 14 9 47 38 38 14 7 38 45 27 45 48 46 15 34 21 5 48 21 7 45 24
46 42 19 45 33 29 48 14 25 24 24 20 14 12 37 45 46 33 47 5 43 27 34 40 27 47 7 14 27 37 30 40 26 20 10 26 47 24 24 12 21 21 3 30 48 3 9 37 10 3
38 42 35 30 37 28 9 45 7 24 24 40 15 24 39 27 44 19 45 35 24 12 21 14 24 48 15 26 9 5 21 24 45 7 20 14 7 48 43 23 34 9 30 33 27 3 29 46 44 27
4 21 37 45 45 45 40 24 7 23 15 48 45 24 45 14 14 43 46 14 5 15 30 44 33 45 43 20 24 48 29 47 24 26 7 45 26 42 29 33 35 39 45 27 24 7 44 40 34 21
29 48 14 45 21 42 7 45 24 5 9 24 20 35 45 45 10 21 38 7 23 33 3 39 24 20 24 38 3 27 20 24 42 29 47 43 14 26 39 38 43 24 26 34 4 10 15 30 35 38
47 45 3 46 42 26 48 7 48 12 37 44 27 21 39 45 7 9 45 21 14 23 39 19 28 27 19 35 48 3 45 45 21 37 20 45 7 24 29 20 43 14 38 39 24 38 40 38 45 20
24 48 4 35 30 21 14 14 24 24 12 14 24 44 3 14 24 34 45 35 21 43 9 26 24 5 24 30 45 7 7 25 24 33 42 42 21 14 42 43 24 33 3 7 40 30 7 21 7 3
4 25 44 45 14 7 45 24 10 33 27 12 45 33 27 7 45 27 34 30 21 45 39 5 38 23 37 12 9 45 7 21 45 24 28 26 43 29 7 45 30 25 24 10 48 45 4 45 24 34
27 30 45 26 44 14 4 7 3 45 21 45 14 14 7 19 27 48 27 14 38 4 21 47 34 25 14 24 27 19 24 30 4 19 35 25 4 24 25 38 45 42 44 44 15 34 14 14 30 9
21 43 46 20 21 24 35 27 10 40 26 9 20 24 4 42 15 24 27 45 45 12 33 9 21 21 25 48 34 45 24 7 48 29 45 30 21 3 15 38 46 19 45 28 42 27 28 28 19 4
9 44 23 48 28 28 14 10 45 39 20 37 45 24 28 45 45 12 27 24 4 21 9 24 26 19 7 9 10 38 9 27 45 46 42 46 19 19 14 24 42 25 14 45 45 25 44 15 44 46
4 27 45 14 45 14 24 46 42 7 45 14 27 7 9 46 9 45 3 47 30 3 4 42 45 46 45 45 29 44 12 45 24 15 9 15 48 24 39 27 10 28 28 27 46 46 48 46 45 39
3 29 21 43 9 26 20 5 43 7 14 47 4 9 5 45 14 37 7 10 14 28 38 24 24 33 9 35 40 7 14 14 45 37 45 38 4 20 43 7 7 45 9 10 45 28 45 10 45 46
47 47 45 9 23 35 45 29 4 39 24 39 9 14 35 45 34 5 45 7 5 9 15 45 46 4 5 25 24 10 45 45 21 26 44 21 9 10 15 27 9 48 15 25 25 45 14 35 7 25
4 7 19 29 24 35 38 33 24 35 20 47 40 7 30 15 23 14 21 28 21 43 24 7 12 19 45 27 27 24 24 12 14 40 39 45 27 34 43 25 21 19 46 7 45 7 23 29 45 43
30 30 14 45 33 45 34 4 14 14 45 26 37 40 24 45 10 45 4 21 39 44 24 45 33 24 24 21 24 30 28 38 44 45 40 3 48 39 21 3 23 24 24 43 42 7 9 45 45 47
39 24 48 30 35 39 48 14 28 19 29 35 3 39 27 24 19 14 29 9 43 45 19 14 24 47 19 9 27 45 24 33 7 46 19 21 25 3 7 25 5 7 38 42 45 46 10 14 5 45
42 40 45 5 39 45 44 15 15 37 24 43 7 24 24 24 20 3 21 10 26 45 30 34 45 14 27 39 9 24 4 25 43 37 20 21 4 24 44 45 15 4 47 5 47 45 35 26 4 37
9 24 23 7 35 14 19 45 7 25 45 20 39 9 45 46 40 20 29 38 46 38 14 42 27 5 24 19 45 12 45 21 45 44 40 42 10 7 33 43 45 45 28 46 21 14 43 3 45 7
30 45 4 24 7 40 27 33 45 39 4 7 37 24 14 24 25 9 24 45 38 24 38 29 24 9 45 47 45 47 38 23 30 24 42 23 12 45 15 9 35 44 46 14 45 40 3 25 7 34
37 15 45 45 27 27 45 45 30 24 5 45 45 21 45 45 48 45 9 38 28 24 27 14 42 43 40 37 45 45 23 24 27 47 43 14 45 10 9 28 38 7 14 45 48 45 38 24 27 39
12 45 25 9 29 47 7 42 27 20 45 19 7 7 33 15 35 45 14 44 33 34 45 24 44 38 12 24 45 45 45 14 30 21 45 20 35 24 45 10 9 46 4 37 14 44 14 45 45 21
25 21 35 5 14 48 7 45 7 40 24 7 45 40 20 48 9 46 45 26 7 45 19 45 3 15 26 14 7 9 23 15 29 25 5 24 47 26 19 45 30 45 34 30 46 45 21 34 34 28
50
1 0 1 1 1 1 0 2 2 2 2 0 0 1 1 1 0 2 0 0 2 0 2 0 6 1 1 1 2 1 1 1 0 1 2 0 1 0 1 0 1 1 2 0 0 1 3 0 0 1
25 31 8 39 3 29 41 27 50 32 9 10 31 25 25 11 29 27 10 25 47 8 6 14 18 25 1 10 9 6 47 10 35 42 46 27 25 34 23 6 43 41 42 37 35 32 27 47 43 16
11 8 10 43 41 11 27 34 11 23 47 39 29 4 9 25 16 25 32 50 11 37 11 39 5 4 10 37 27 42 29 43 25 10 25 37 43 25 26 28 23 42 47 27 43 11 35 23 8 47
3 10 1 47 32 10 30 47 18 37 21 23 5 50 28 15 3 9 37 31 8 27 25 47 15 25 39 21 35 30 35 29 25 34 1 18 43 9 30 31 31 10 25 32 29 9 25 1 18 31
10 42 26 8 15 47 47 34 5 29 25 8 16 28 34 35 46 41 47 25 47 4 25 25 46 25 18 5 30 4 21 10 16 15 25 27 43 47 29 14 35 1 35 34 28 26 47 25 50 1
18 6 35 46 1 25 50 9 31 4 41 31 14 8 4 37 6 25 6 29 50 26 35 25 25 8 8 32 29 23 16 25 31 9 31 29 27 43 9 11 43 23 25 50 47 18 35 39 9 35
1 10 25 11 6 35 9 35 25 35 42 8 9 10 23 9 21 25 1 9 43 11 42 39 5 26 28 23 25 31 15 15 47 43 5 11 6 4 29 25 27 11 26 5 4 25 34 11 29 3
25 47 29 35 23 35 8 3 47 1 25 3 34 39 34 8 15 26 18 11 9 37 8 47 32 27 21 25 21 23 11 8 37 42 31 47 34 4 28 16 50 18 25 15 11 47 28 4 5 6
30 26 50 47 16 29 10 5 26 8 32 18 23 46 14 8 9 18 4 6 26 5 8 41 50 42 39 34 35 41 29 14 29 30 23 6 39 35 6 23 42 25 47 29 35 32 5 25 25 41
46 18 15 30 9 35 43 43 25 11 4 37 5 25 29 21 42 3 11 47 30 18 25 18 10 14 21 29 25 25 25 26 28 23 4 35 30 29 4 9 41 29 41 35 41 26 39 50 25 35
21 34 47 15 23 47 23 10 32 9 21 3 25 41 18 10 3 8 6 43 25 3 34 32 14 18 29 11 41 30 11 8 25 25 11 47 23 29 3 11 1 16 34 26 1 34 3 50 9 35
10 23 8 43 25 35 21 18 10 26 23 43 31 25 27 25 37 23 21 11 21 34 43 21 43 21 10 28 18 42 6 27 26 27 29 8 8 30 15 21 8 25 9 25 32 9 18 25 16 5
25 37 29 39 35 16 31 25 28 18 21 16 31 39 26 30 21 21 4 41 32 25 21 14 27 15 47 47 8 25 15 41 21 11 21 16 47 47 47 3 1 16 46 47 47 23 3 8 23 15
23 34 27 30 16 29 37 25 21 42 3 46 11 26 35 8 5 29 21 37 25 25 8 30 37 21 25 10 18 29 21 18 26 5 43 16 31 6 25 37 47 26 11 1 8 23 46 43 3 16
25 46 25 47 15 35 43 32 47 29 35 25 25 25 29 6 18 11 6 23 6 27 29 31 26 25 32 28 27 25 41 18 47 46 16 47 30 47 18 28 21 23 43 10 9 11 11 11 18 39
25 21 23 29 14 47 21 18 25 37 41 23 41 25 10 18 26 27 9 25 16 5 15 35 30 25 32 41 31 41 43 29 25 23 25 37 47 29 31 15 26 8 43 23 29 11 34 23 14 10
28 25 34 5 41 29 34 4 31 29 10 47 10 29 35 41 29 25 1 25 9 8 15 21 41 34 15 46 25 32 14 18 8 26 11 1 35 41 25 25 25 9 23 26 30 47 14 43 18 25
25 25 41 5 23 9 10 35 16 25 41 18 18 6 27 6 11 25 9 16 9 15 43 43 10 11 8 21 35 34 16 4 43 11 25 25 47 11 21 25 10 25 39 31 4 34 39 5 25 39
16 50 47 47 25 25 39 6 8 35 30 21 26 16 9 43 29 15 47 14 10 25 25 14 23 26 9 50 8 25 10 43 25 35 10 47 15 31 43 18 10 21 14 25 10 27 42 27 11 25
9 11 27 9 30 27 29 6 8 23 25 37 1 29 29 18 25 1 35 25 47 11 11 43 18 29 47 23 42 32 8 11 50 43 41 21 46 9 25 8 29 8 9 50 50 35 27 43 3 25
11 47 23 23 41 47 3 32 47 26 35 21 5 25 5 9 46 9 30 25 31 35 25 11 42 47 6 25 27 3 31 39 3 18 6 23 8 43 23 29 25 10 21 50 29 43 11 11 9 28
15 4 23 47 5 25 25 47 26 35 47 43 10 42 16 46 32 41 14 25 21 47 25 1 35 25 21 42 42 14 47 3 50 25 3 47 8 47 47 16 31 47 16 29 21 35 25 15 11 41
25 42 10 28 25 25 29 25 41 39 25 3 37 10 25 9 1 25 23 26 10 8 8 25 31 31 14 25 8 25 3 50 41 25 25 25 35 39 14 8 23 10 18 47 23 23 6 23 4 41
25 43 5 10 18 47 50 21 25 26 21 21 15 35 10 11 43 43 18 41 18 11 43 35 28 41 32 16 25 5 18 28 8 30 25 46 1 1 9 34 31 43 28 30 39 15 3 35 46 39
25 50 15 11 11 35 5 29 30 4 16 23 25 37 4 37 29 10 35 39 43 1 6 9 27 30 43 10 28 1 23 21 5 18 29 29 9 21 47 18 41 25 39 11 47 27 1 47 25 25
35 5 11 43 42 41 11 39 43 25 23 18 35 47 3 25 8 23 42 5 8 30 10 23 11 9 35 25 18 35 18 25 43 25 8 43 25 26 39 11 29 11 11 6 23 25 50 8 11 6
25 29 14 8 35 21 18 18 8 8 8 10 29 35 8 28 8 3 10 14 11 30 18 3 11 1 35 14 32 28 10 9 29 27 25 43 50 4 47 25 39 18 15 47 35 43 50 35 46 1
47 15 6 5 43 18 5 25 29 39 21 32 50 46 10 50 25 32 25 39 16 31 34 41 25 23 35 47 5 29 23 11 29 43 26 23 25 25 18 27 27 31 8 14 42 9 50 15 18 18
14 4 23 6 43 47 21 47 4 47 34 10 8 30 15 47 11 18 29 30 23 46 25 25 35 4 46 31 8 29 4 32 9 30 26 37 43 42 9 11 9 23 15 25 9 39 31 3 32 8
35 31 25 32 16 26 41 16 14 21 21 18 23 25 21 25 28 26 29 5 31 25 15 9 25 1 47 25 21 32 39 23 14 3 39 18 9 43 1 9 42 25 27 21 10 27 10 41 11 9
5 46 25 25 29 34 25 46 28 26 29 42 34 18 25 34 29 39 11 4 25 8 14 16 35 28 8 25 25 29 26 23 34 6 34 29 8 25 39 32 43 23 25 6 29 21 50 8 35 46
4 10 1 3 47 10 25 6 18 21 11 29 28 16 47 6 6 43 14 28 43 10 28 11 9 11 32 8 25 15 15 16 34 47 6 34 4 28 29 23 21 8 21 1 26 42 31 35 31 37
18 42 25 27 1 30 18 46 26 10 5 15 35 29 47 3 25 25 21 10 28 21 47 9 8 37 21 25 9 3 34 43 42 29 28 43 46 4 9 43 41 8 37 47 15 6 37 46 11 25
31 10 47 42 21 37 47 15 25 39 4 34 11 21 34 47 9 39 18 35 10 43 10 28 46 11 9 32 16 43 18 37 25 25 10 35 28 25 8 11 23 47 37 10 5 18 31 43 4 25
41 25 25 31 47 42 29 9 37 16 5 39 35 47 15 47 27 8 47 30 37 8 28 18 11 25 11 25 9 6 25 4 8 1 14 29 3 29 23 35 47 46 5 25 46 25 28 8 42 35
21 15 32 8 46 46 39 32 30 43 47 42 25 15 47 26 25 25 4 8 46 9 14 47 25 11 9 14 10 37 25 9 21 8 37 43 21 27 25 5 46 27 41 50 35 25 30 21 25 46
1 32 18 32 9 6 29 39 37 41 37 23 32 47 35 31 35 15 30 8 23 6 9 32 4 25 25 9 43 35 47 21 26 35 14 46 21 47 4 43 34 9 23 46 30 21 10 39 43 11
21 8 29 31 29 30 47 35 15 1 1 25 42 15 41 32 10 46 18 25 29 28 14 3 14 47 8 9 35 29 31 1 50 50 35 28 8 1 3 10 50 23 25 28 23 25 37 9 23 50
50 26 43 35 18 16 34 25 18 37 6 25 21 8 25 6 8 21 28 25 32 10 10 31 29 25 23 34 1 25 21 8 3 31 50 21 35 10 47 50 25 43 25 47 25 11 11 18 11 39
18 50 23 43 11 26 47 3 18 11 46 25 39 21 50 18 46 50 18 8 28 10 35 10 43 46 15 47 31 21 37 31 31 43 9 10 35 47 9 18 14 9 29 14 37 47 47 39 25 9
35 47 30 14 23 43 14 1 16 10 29 39 34 4 43 47 25 16 27 34 26 47 23 15 50 25 23 9 27 23 35 11 41 10 47 43 10 50 46 47 5 16 25 18 37 8 8 27 6 3
30 11 25 11 42 30 10 32 8 46 11 11 30 25 42 18 26 14 3 30 25 11 25 37 47 34 16 10 8 47 25 18 50 35 15 35 9 14 21 43 25 23 1 34 10 34 35 23 47 43
5 28 21 11 10 26 3 9 26 14 28 18 21 21 46 34 8 43 29 14 18 25 10 25 23 8 35 42 30 21 35 21 21 3 9 47 10 47 25 32 11 8 30 43 25 25 3 4 4 39
15 1 34 5 18 25 14 29 27 30 42 37 42 37 6 47 34 18 35 23 18 23 31 11 18 5 32 47 43 29 47 25 10 25 29 43 4 25 25 43 50 21 25 25 9 50 25 47 32 23
18 25 32 47 9 42 8 8 28 10 47 47 11 23 37 11 23 4 25 25 42 39 18 47 43 25 46 5 35 25 10 27 47 4 21 8 4 41 10 25 18 25 11 25 21 5 14 25 50 21
21 25 3 34 28 25 43 21 4 9 16 41 47 9 35 32 14 4 34 16 43 47 30 11 47 16 18 25 32 47 18 18 39 25 26 21 47 1 11 5 32 15 14 25 25 9 47 8 9 10
23 47 18 46 10 25 42 43 11 18 43 21 29 26 10 16 9 47 9 11 16 25 9 5 3 42 23 27 23 50 47 25 23 25 9 16 25 25 37 25 10 25 41 3 43 18 11 14 1 29
47 27 29 15 5 25 10 28 4 31 47 1 47 8 21 21 39 28 8 30 14 23 37 25 11 35 23 9 42 43 37 23 47 11 10 41 6 6 25 23 28 47 6 42 10 8 47 46 29 23
10 46 35 50 32 31 3 25 5 43 47 10 37 21 10 37 25 43 5 9 29 21 25 18 30 18 29 47 25 25 47 27 47 8 42 25 30 18 29 42 42 9 1 21 43 29 25 25 43 25
9 42 29 35 21 43 47 28 3 9 10 25 34 25 28 18 27 27 32 30 25 21 29 25 43 25 5 46 25 47 16 10 25 25 35 32 9 9 25 21 4 9 25 18 3 25 46 42 25 28
1 25 23 6 10 21 25 23 6 28 8 23 23 25 10 35 4 25 50 23 29 18 26 1 3 35 35 18 1 6 1 14 9 4 39 9 9 25 27 9 16 16 30 43 50 25 39 14 43 27
50
2 0 1 2 0 3 0 1 0 1 0 1 0 3 1 1 1 1 0 2 0 3 0 1 2 0 1 7 0 1 0 1 2 0 0 3 0 0 2 0 2 0 0 0 0 3 1 0 0 1
28 28 39 30 32 28 1 24 28 22 36 8 41 12 18 50 6 28 17 36 6 46 28 18 41 25 8 4 36 4 12 50 25 12 8 28 28 41 17 14 28 36 36 6 25 24 12 12 12 28
28 28 28 28 33 28 28 6 12 36 30 6 6 8 39 28 1 14 20 14 28 12 18 28 14 46 24 27 3 20 25 15 24 28 39 24 28 14 46 18 20 32 15 24 47 36 46 20 6 27
15 39 6 14 24 15 33 4 46 14 28 47 20 41 28 3 36 17 6 10 41 28 39 41 24 25 4 28 46 28 33 41 46 22 36 10 28 6 39 33 1 14 39 46 22 17 32 22 10 41
14 28 33 28 20 14 50 8 32 3 24 1 17 1 20 25 1 28 28 4 33 6 1 46 32 1 25 25 41 46 28 20 28 41 28 3 3 25 46 22 36 16 6 36 30 46 22 41 14 1
47 20 28 25 1 6 46 41 3 36 50 28 22 14 4 16 1 3 46 15 22 28 27 28 14 46 36 4 4 16 28 14 47 17 14 22 33 36 6 28 14 24 14 12 12 28 36 4 28 30
4 41 28 4 10 25 33 46 18 14 41 36 4 6 20 28 17 12 28 33 46 24 36 6 4 22 18 10 25 3 36 6 4 12 20 4 39 20 6 27 50 24 47 1 36 25 14 17 20 28
16 4 25 6 39 28 28 1 28 4 20 3 18 36 33 28 10 30 14 6 39 32 36 41 17 41 4 22 30 4 8 28 20 28 3 6 28 47 28 28 28 28 15 15 39 3 6 1 4 10
25 36 20 22 36 50 25 20 36 15 1 39 33 28 28 30 36 16 20 3 10 25 39 28 30 18 36 28 28 41 22 20 1 1 33 46 28 46 41 25 14 41 16 24 50 24 39 18 10 3
36 41 36 33 41 6 14 28 16 22 25 10 20 16 33 28 28 15 46 41 36 41 20 46 32 41 46 22 33 25 50 33 4 1 28 8 22 20 6 18 33 6 47 6 27 30 36 28 8 24
22 22 33 33 28 33 1 12 22 14 41 25 33 4 36 18 47 15 25 28 28 28 14 16 14 3 14 12 18 14 24 17 25 1 1 22 50 28 36 39 46 14 50 50 4 28 6 22 18 28
24 22 47 33 28 36 46 4 39 22 36 28 28 32 36 6 20 28 14 28 14 28 46 50 46 41 36 33 6 36 1 6 46 14 22 36 28 50 28 16 41 4 28 14 28 46 28 4 6 6
32 24 3 18 1 16 14 4 28 12 4 18 6 28 10 1 25 6 28 22 46 16 25 22 36 15 25 6 20 41 46 28 15 28 41 6 20 36 12 27 14 22 14 28 46 4 33 1 47 28
39 28 30 25 46 47 4 46 33 50 28 28 28 8 28 36 14 39 22 36 1 46 20 28 46 3 36 1 22 16 16 28 4 1 28 46 41 10 22 14 20 47 46 27 28 20 1 41 6 22
4 17 25 28 28 46 39 15 47 12 4 1 46 33 47 41 18 30 46 14 41 28 32 39 6 1 18 46 8 10 46 50 27 46 28 36 22 27 30 15 1 6 14 3 39 12 28 47 12 46
4 14 25 22 27 36 47 46 17 20 14 36 24 46 4 41 36 8 6 22 15 32 28 39 28 16 18 20 20 36 33 14 46 46 46 18 36 27 3 47 15 1 22 4 18 4 41 22 28 20
36 28 6 32 4 20 50 47 41 27 6 20 6 28 22 36 28 14 28 12 20 33 28 39 25 25 36 39 14 36 16 22 30 14 24 3 14 22 39 28 28 28 12 33 12 18 1 33 3 47
28 14 27 25 30 47 28 28 6 4 6 16 39 1 41 46 16 46 18 28 6 3 18 3 14 41 33 30 22 12 36 50 50 36 41 24 16 30 36 14 17 36 28 36 46 36 14 28 18 46
28 30 36 15 28 22 27 50 8 47 14 3 22 25 1 36 33 3 22 28 46 28 17 46 28 30 25 20 22 27 47 28 46 46 50 25 22 8 36 30 28 14 20 28 33 6 28 22 22 1
28 15 25 24 24 41 39 50 20 28 47 41 50 6 36 14 50 32 32 28 14 14 20 41 28 28 36 4 6 50 12 20 36 33 39 28 14 28 24 10 4 36 6 41 20 30 18 27 18 46
39 14 6 33 41 14 25 33 46 14 22 15 27 36 14 8 25 33 4 6 28 39 46 8 28 15 28 22 14 20 39 28 27 25 41 27 20 22 16 46 33 15 6 14 10 8 46 39 36 28
15 28 46 14 46 1 15 22 8 33 6 30 15 20 14 4 28 6 12 16 17 28 14 6 14 20 39 14 39 4 28 50 39 1 22 4 17 8 17 32 25 4 33 28 41 47 36 14 25 4
8 36 24 8 47 6 30 20 6 22 18 27 1 28 4 46 28 1 6 1 1 8 20 28 6 17 8 46 25 41 22 6 14 1 46 46 24 28 32 8 46 14 36 32 4 6 17 46 24 17
32 8 36 46 6 6 14 25 28 17 28 46 22 28 28 4 22 6 41 30 18 22 24 33 41 28 22 12 6 20 28 15 39 22 1 36 28 28 14 17 18 46 20 33 33 36 8 28 20 28
33 41 1 46 28 20 20 33 36 32 28 25 36 17 22 12 28 18 17 18 17 10 28 28 32 10 39 36 1 14 28 1 10 25 30 17 39 33 46 10 28 15 36 6 1 25 4 25 10 22
36 25 47 28 24 28 28 28 4 14 28 6 46 30 20 22 4 25 28 50 46 33 10 1 41 28 6 46 39 36 28 8 17 14 33 6 32 4 27 1 20 6 39 33 39 14 33 27 33 22
41 33 25 8 22 36 46 41 39 22 41 39 32 39 4 3 4 28 28 46 6 24 28 10 36 32 14 3 4 28 22 22 6 1 28 28 16 28 10 16 39 14 3 47 46 50 28 10 28 41
17 46 28 16 28 16 16 30 18 1 39 41 46 22 1 36 18 41 28 12 22 17 20 4 28 50 1 33 28 39 27 14 22 4 14 28 28 46 32 50 28 28 6 28 39 36 4 39 22 30
36 1 28 28 6 41 17 20 18 17 10 22 46 14 22 30 50 15 33 39 25 12 6 36 39 22 39 28 41 28 22 32 28 33 4 39 10 4 33 14 46 22 39 46 10 24 36 4 25 25
14 28 4 4 14 28 36 17 22 41 30 46 3 28 12 28 22 46 12 39 14 14 47 16 50 39 20 46 27 18 30 1 25 6 28 22 22 28 25 14 36 22 30 46 4 28 36 25 6 28
22 28 47 6 1 6 25 20 14 30 4 6 10 25 27 3 41 17 22 25 4 39 15 47 10 18 28 30 6 46 28 6 28 16 41 28 1 47 22 25 22 28 33 24 28 8 4 28 1 47
22 14 20 3 1 50 14 4 28 6 1 6 22 50 30 28 17 41 25 14 8 20 12 10 32 50 4 10 41 27 46 16 4 36 25 25 4 46 14 4 22 4 32 6 33 24 28 6 33 30
1 10 3 33 27 41 36 25 28 50 6 36 41 41 46 39 41 14 46 17 41 12 33 33 18 20 22 24 25 28 33 6 30 47 16 33 46 18 28 28 50 20 36 4 47 15 4 14 32 8
39 14 8 4 17 8 36 41 28 27 25 1 28 14 39 32 28 36 4 16 33 22 6 27 28 10 36 28 14 14 41 20 47 6 28 36 16 36 28 24 22 28 28 15 47 17 41 32 41 18
20 39 36 41 10 25 18 6 28 6 6 39 3 46 14 1 36 14 28 41 28 33 12 36 28 36 27 50 14 6 39 46 12 1 20 28 6 14 14 33 25 47 39 41 4 25 15 6 32 22
14 14 17 1 3 28 27 25 46 50 36 24 22 1 3 39 22 33 36 14 18 50 28 50 33 15 28 28 8 20 27 28 6 15 36 28 14 1 33 22 1 36 33 28 28 27 22 6 25 36
8 12 22 14 36 41 39 6 6 27 22 25 28 36 28 3 46 28 4 1 22 41 32 46 20 12 22 36 41 24 1 28 20 39 28 20 46 16 10 28 28 28 22 14 28 28 28 22 28 28
33 36 17 46 32 33 28 25 41 28 15 32 46 28 46 4 39 17 25 20 12 39 28 3 47 4 32 28 28 25 25 8 20 36 25 20 46 32 25 22 20 46 33 28 3 36 22 25 22 46
6 6 14 30 28 36 14 15 15 33 18 20 47 15 16 10 14 8 15 36 22 28 36 36 27 17 32 1 15 1 14 20 36 33 1 46 36 39 22 3 22 24 33 8 36 20 20 46 14 14
20 46 4 22 39 28 3 28 41 41 12 14 28 16 50 22 25 28 8 36 25 4 27 39 6 28 25 39 39 16 33 27 46 41 28 28 46 4 47 24 1 28 46 33 16 46 28 3 3 25
27 25 46 28 39 32 46 20 22 10 27 46 46 28 36 14 15 41 6 6 14 14 16 39 14 50 39 8 28 17 33 4 14 46 12 6 20 39 46 46 28 28 22 27 28 39 10 15 33 16
41 28 17 46 20 33 39 22 28 17 28 24 41 50 1 22 28 28 46 3 24 8 14 33 8 28 32 20 28 39 46 6 15 39 28 39 28 30 22 6 4 32 12 6 36 14 22 28 6 1
28 36 32 12 28 41 47 1 15 39 3 36 36 28 36 50 25 12 27 18 28 12 6 1 22 36 28 16 36 6 20 28 12 4 6 16 39 14 16 8 41 14 22 6 4 28 1 36 47 28
20 3 15 41 33 28 28 20 6 30 32 27 50 25 39 28 28 22 20 25 33 46 14 6 8 50 10 1 22 6 28 6 16 25 1 22 28 6 32 8 24 47 32 28 20 20 41 46 46 14
4 36 36 10 28 30 1 22 39 6 24 24 16 28 22 6 8 6 17 46 17 28 14 41 22 39 6 1 32 39 17 41 16 46 36 28 41 14 22 33 20 6 16 10 25 46 6 6 4 14
46 28 6 14 16 22 47 47 27 36 10 14 28 30 10 12 33 28 24 20 18 14 36 1 32 39 3 28 28 46 28 36 20 20 16 46 8 10 1 22 33 28 8 22 6 1 6 18 10 39
39 33 18 28 28 16 20 33 27 39 46 6 6 33 8 22 28 22 20 28 33 14 22 4 28 6 39 28 14 15 15 6 22 46 39 46 10 6 28 20 39 6 28 24 28 4 14 46 6 33
28 36 1 15 14 22 4 1 14 4 46 25 36 36 30 25 25 15 6 28 41 25 36 6 14 6 33 50 32 30 27 18 4 14 46 14 6 20 22 25 1 22 14 30 14 22 30 39 22 47
3 46 6 10 12 39 28 46 17 1 28 30 30 30 1 14 1 20 3 41 6 50 46 28 27 12 22 12 6 28 50 28 20 18 20 22 10 8 32 46 36 22 28 6 24 18 28 28 1 25
6 46 47 36 22 22 8 47 27 39 4 28 22 36 15 14 28 47 27 36 46 22 27 25 33 22 41 20 3 1 24 30 46 12 1 25 22 14 10 33 33 6 17 33 33 18 28 41 32 14
14 3 36 30 36 14 28 10 47 22 4 24 41 41 27 16 50 1 1 24 28 28 25 28 17 41 28 39 36 28 22 22 36 28 6 33 22 4 25 46 3 6 15 32 6 46 14 25 1 36
50
1 3 0 1 0 5 0 0 2 0 0 0 0 1 0 3 1 4 1 2 0 1 1 0 1 0 0 1 2 0 0 1 2 0 1 3 1 0 0 1 0 1 0 1 1 3 0 2 1 2
14 2 29 2 50 2 25 20 29 6 6 29 49 18 48 42 6 17 2 48 9 18 33 46 48 33 29 6 9 42 4 29 18 33 17 33 36 16 6 46 36 2 4 50 20 29 36 50 6 16
6 18 36 16 36 23 6 6 18 16 2 29 29 20 33 2 17 16 49 18 22 28 36 2 18 29 49 19 42 29 22 16 29 37 32 29 6 16 18 44 33 18 46 22 2 32 50 19 50 20
48 18 29 6 9 28 4 18 20 46 18 20 29 46 6 16 18 37 42 18 9 29 46 2 44 33 6 49 44 48 6 20 20 6 33 46 46 35 25 35 6 9 6 46 28 4 36 6 20 33
32 19 29 14 50 46 36 1 36 36 16 6 6 42 19 6 18 20 50 32 36 29 46 46 35 36 17 9 37 16 33 23 2 36 14 6 18 35 40 25 6 46 18 18 49 1 6 50 35 18
16 25 20 16 16 25 46 32 9 18 36 46 9 48 9 1 46 36 22 50 18 18 35 42 18 50 16 36 48 18 2 18 22 28 36 37 48 9 23 32 9 20 16 4 48 17 44 48 4 32
19 20 18 16 33 17 14 14 40 29 14 50 36 17 19 46 4 18 33 36 9 46 6 50 6 2 45 29 33 16 9 48 6 16 6 36 42 18 48 6 37 20 48 32 14 37 36 18 25 17
20 2 35 46 33 14 19 29 18 29 22 18 46 32 45 37 33 9 9 22 6 18 48 18 35 46 33 29 36 40 18 2 44 19 17 20 1 46 46 9 18 17 46 40 2 22 20 16 36 33
36 33 36 6 16 18 36 6 17 4 9 16 25 19 44 46 36 1 22 42 9 28 20 33 44 16 45 36 40 45 18 18 18 29 50 16 29 20 20 46 6 14 20 44 35 33 6 40 16 46
18 37 44 29 6 6 4 2 6 46 9 50 6 45 6 33 6 16 45 36 2 42 48 33 1 17 36 6 6 33 16 23 42 32 18 1 16 49 36 2 40 32 33 20 29 19 18 18 17 50
40 18 2 29 2 18 6 23 6 32 18 2 50 33 18 33 16 35 50 36 2 18 46 2 4 16 6 50 4 22 18 22 9 44 6 44 6 9 46 2 44 32 36 28 46 6 32 6 22 2
16 2 33 18 33 23 50 4 48 2 18 6 18 20 4 20 2 25 44 46 6 20 16 46 25 29 29 18 33 1 1 6 4 35 48 6 23 19 18 29 33 48 2 2 50 17 29 2 42 16
6 42 36 36 37 14 6 40 16 14 16 36 44 36 9 6 9 6 2 49 36 16 9 49 49 36 23 1 20 46 36 48 16 6 17 19 42 33 45 50 14 9 18 18 6 14 20 2 18 37
29 20 48 16 29 6 6 35 50 46 49 50 6 37 18 14 14 6 16 18 6 33 50 2 49 16 2 35 23 25 40 16 48 9 48 19 45 32 2 2 32 1 20 9 28 23 46 20 25 18
29 6 23 18 16 33 19 18 2 36 29 6 50 36 6 28 29 16 2 6 29 25 6 36 9 14 29 18 25 18 4 29 25 46 18 18 2 50 2 42 46 18 2 25 6 18 42 28 20 9
46 23 6 6 25 9 22 25 20 2 35 48 20 36 16 14 48 18 6 49 14 46 22 35 36 28 18 9 6 18 20 44 6 46 20 18 2 16 17 18 9 28 42 36 35 9 18 33 16 37
2 16 20 4 1 17 18 48 42 6 50 16 46 20 9 46 18 25 48 28 1 50 6 4 16 46 36 4 46 4 18 42 37 37 9 29 48 42 36 35 18 9 9 2 32 2 36 48 45 20
46 6 18 32 37 50 36 6 18 16 2 29 2 42 20 37 6 44 6 20 17 35 46 18 42 33 29 40 2 18 2 36 36 42 2 46 18 20 46 4 6 9 16 19 32 17 32 18 36 29
48 16 50 16 46 37 18 46 18 23 36 2 2 45 28 48 6 16 1 16 16 20 49 19 22 20 48 4 25 40 18 23 18 6 46 16 40 2 46 9 46 2 46 36 33 20 4 45 45 17
18 45 14 22 6 6 9 2 35 45 18 16 18 20 18 49 2 16 48 18 19 4 18 23 23 48 23 40 37 9 46 6 16 33 18 48 46 37 46 9 46 46 19 16 36 40 6 46 6 16
36 18 16 50 46 25 48 36 36 17 48 14 16 46 32 48 2 36 6 19 48 33 44 44 9 40 37 46 36 35 50 35 20 18 6 44 36 45 16 36 4 44 44 28 2 2 42 28 14 48
36 19 6 16 50 50 4 46 18 9 14 37 32 20 36 6 2 36 9 9 6 17 9 36 29 50 46 40 44 6 32 16 6 50 42 33 6 16 48 33 37 48 45 16 22 29 37 6 35 25
16 35 17 28 18 23 18 6 16 9 29 46 6 22 2 6 46 36 35 6 20 18 36 36 6 37 46 25 14 2 48 29 33 33 45 50 48 6 9 22 20 23 25 4 50 18 28 44 49 23
23 23 14 45 6 9 16 35 36 2 20 44 17 33 37 46 16 16 6 29 6 29 46 4 50 14 32 6 37 33 40 25 32 46 20 48 18 25 29 1 9 44 46 32 48 1 37 16 20 50
40 25 4 20 32 29 6 48 18 9 2 49 29 50 32 28 14 6 29 29 2 22 48 42 49 6 22 18 1 2 17 29 1 37 42 23 18 46 1 6 6 50 23 50 2 19 33 25 35 16
2 22 16 16 42 45 2 29 44 6 18 28 36 33 46 36 18 2 29 2 23 45 40 9 45 20 46 46 6 45 2 6 6 19 6 28 25 4 28 48 17 36 37 22 6 25 33 33 4 6
28 32 6 37 48 20 6 22 29 6 18 4 50 50 46 36 6 1 6 16 48 45 18 6 6 4 45 50 6 19 44 17 28 22 36 44 35 46 6 28 46 50 33 25 20 33 42 6 1 46
16 2 36 18 2 50 36 33 50 18 48 50 2 50 18 42 36 45 6 18 32 2 16 29 33 18 18 29 16 1 16 19 22 23 36 44 28 49 48 46 45 36 4 19 25 36 37 6 44 23
36 45 32 46 20 46 6 46 20 48 40 23 36 48 17 18 46 45 36 46 44 14 23 2 32 28 22 6 18 45 48 32 46 2 6 16 16 2 18 36 32 2 49 2 28 16 40 6 16 25
28 16 9 6 49 1 19 33 14 48 48 6 6 32 25 46 50 20 29 14 50 45 2 40 46 40 28 48 20 2 18 22 36 40 23 23 36 50 20 42 46 22 18 49 6 17 20 48 45 2
16 29 50 29 37 25 28 23 29 22 35 2 6 6 6 22 29 6 49 25 2 14 22 48 18 16 17 16 22 48 36 29 19 14 1 16 37 36 46 50 9 48 29 28 6 1 19 46 33 14
44 33 18 4 16 33 16 32 36 6 6 23 18 1 44 20 46 2 1 36 9 18 16 29 46 37 40 45 49 33 6 9 36 6 6 28 19 18 37 6 20 6 18 35 9 45 35 37 35 6
40 50 6 29 35 37 46 18 1 29 2 14 14 17 45 36 36 32 6 4 35 40 48 28 6 6 33 6 18 1 6 6 17 33 50 6 50 6 18 42 6 17 49 6 44 29 46 46 6 45
16 18 18 37 6 6 35 6 6 16 14 29 46 9 29 1 49 44 44 44 22 33 36 45 49 18 18 46 18 17 19 18 29 6 33 19 20 14 45 6 23 50 46 18 2 20 14 18 6 16
4 33 6 49 20 48 19 50 18 33 45 25 33 50 18 9 6 18 9 14 42 18 20 9 16 6 17 45 33 16 9 36 19 9 46 46 50 19 16 4 46 25 28 36 2 6 2 46 23 6
50 46 45 6 32 36 42 36 2 46 18 2 2 20 19 50 18 2 14 42 40 29 44 50 50 36 46 44 9 9 44 17 20 37 32 18 23 50 40 19 49 36 33 40 4 23 20 20 49 6
2 18 17 19 18 6 45 40 50 18 1 28 37 28 20 50 9 29 46 18 48 19 40 49 49 37 46 35 50 37 36 2 25 49 9 48 6 6 14 35 6 42 42 28 48 25 9 1 16 2
2 2 33 29 33 20 35 22 14 16 45 16 20 16 6 23 46 6 6 2 18 46 2 46 2 18 2 18 2 20 16 44 36 25 46 9 36 35 18 16 9 17 35 9 2 20 1 36 23 48
28 36 16 18 32 45 37 6 25 29 9 44 35 9 23 33 18 4 18 16 46 23 29 2 45 29 6 23 6 19 6 48 40 33 29 16 36 32 36 50 18 2 37 46 17 42 46 6 20 18
1 6 6 32 18 40 19 18 49 36 2 29 18 28 40 18 18 37 22 19 48 9 33 6 9 9 16 46 37 44 6 44 36 16 46 6 18 29 48 9 48 42 9 18 9 9 42 2 44 14
42 44 2 42 2 20 22 32 25 2 50 6 4 16 37 48 36 2 48 18 6 50 50 48 33 14 22 46 37 40 20 33 18 18 17 17 49 36 18 48 6 2 19 20 33 6 28 19 16 14
49 48 46 16 36 2 33 40 50 49 42 4 48 28 18 2 25 36 49 23 33 46 16 50 18 33 36 46 35 9 1 36 35 22 48 16 20 9 16 18 50 48 36 40 16 49 1 48 49 48
2 20 17 33 36 49 32 9 45 50 16 16 48 25 49 20 2 16 2 19 6 40 46 2 6 6 18 33 22 6 2 36 33 18 46 6 22 17 29 2 14 1 18 6 6 1 49 16 36 2
16 36 36 16 6 23 16 18 42 18 18 6 17 48 40 20 6 29 2 6 18 50 49 18 48 36 2 9 33 25 18 2 50 46 49 19 40 6 46 16 49 4 18 16 16 1 32 28 16 42
35 22 23 17 6 14 46 33 33 33 46 46 36 2 46 6 36 16 16 22 36 2 16 9 36 23 2 20 50 6 36 50 40 35 25 6 16 28 18 46 20 18 36 36 18 2 36 36 33 20
36 36 18 29 16 6 1 6 9 29 16 46 28 46 40 29 22 48 46 25 16 32 4 20 20 16 6 33 33 28 22 48 18 14 2 42 1 6 18 19 33 36 6 6 4 48 50 28 29 6
50 22 33 40 6 19 22 46 48 50 18 22 19 6 4 16 18 33 6 50 29 45 6 40 44 36 16 20 32 35 6 45 28 29 33 17 46 17 16 9 19 6 29 50 40 4 36 36 50 48
45 32 29 46 1 16 25 23 9 16 46 50 20 6 35 9 36 46 22 16 1 46 50 16 49 9 48 1 49 9 23 2 44 18 48 18 36 48 6 2 44 16 2 6 40 6 20 17 49 9
45 29 18 45 16 20 17 35 25 1 37 35 36 29 46 18 50 17 9 36 50 2 6 50 9 32 48 29 6 18 28 46 2 9 4 4 42 16 6 46 25 35 33 9 29 2 1 29 2 50
2 18 2 6 28 46 18 36 50 6 20 50 9 18 2 33 2 18 50 6 6 14 6 1 4 36 20 33 16 6 32 23 20 36 49 33 48 40 46 46 36 46 1 33 22 2 2 36 28 42
44 33 42 48 1 1 48 49 33 29 9 6 42 33 46 14 33 48 36 6 6 35 16 14 9 48 50 16 36 19 48 18 37 2 50 20 29 20 6 23 6 42 20 6 4 40 2 46 6 6
50
3 1 1 0 0 0 0 0 1 0 2 2 0 0 0 1 2 0 5 0 0 1 0 0 0 2 1 1 3 1 1 3 1 3 0 1 2 1 1 0 0 6 1 0 0 1 0 2 0 0
19 28 34 36 27 43 31 48 36 42 29 34 11 27 3 30 1 32 12 22 42 26 48 17 2 17 31 19 48 19 2 9 43 48 19 19 33 36 34 42 28 43 1 19 19 33 43 9 48 46
34 9 1 36 17 22 19 11 30 30 43 11 29 33 9 32 19 48 12 29 29 46 42 33 30 1 29 32 19 42 28 19 19 11 46 28 34 32 48 43 1 30 42 1 42 39 39 1 3 34
42 42 1 42 11 48 17 12 11 39 31 29 3 19 17 31 42 29 48 9 19 42 32 43 48 12 11 29 1 32 22 42 42 42 42 1 1 2 19 48 29 12 32 42 32 29 46 39 12 27
42 28 19 34 46 9 46 9 34 27 43 32 29 9 26 22 11 43 28 19 1 29 39 42 31 17 29 19 42 1 3 43 48 3 31 29 32 34 46 27 42 39 1 28 19 48 26 39 2 22
42 42 19 22 48 34 37 11 11 19 33 48 3 2 48 19 37 33 32 17 19 3 37 42 11 2 30 9 32 43 42 22 32 19 22 1 11 29 11 37 19 27 26 17 43 26 26 32 3 1
17 30 34 30 42 22 22 46 11 1 34 37 32 39 31 38 42 3 19 29 29 29 34 32 38 19 16 32 42 19 48 36 42 32 34 3 36 42 12 32 42 2 42 11 39 29 11 36 26 34
37 46 48 37 26 2 22 32 9 1 42 42 9 32 12 29 42 12 30 46 42 19 19 37 31 34 29 26 28 12 48 12 32 48 29 1 46 48 33 26 1 34 42 11 37 26 39 29 38 37
37 30 43 39 46 42 17 34 43 9 43 2 1 12 29 42 12 26 11 12 37 48 32 34 1 26 34 29 16 43 37 11 11 12 42 12 42 30 42 27 34 1 2 1 42 34 19 42 42 1
32 12 42 34 30 48 1 19 29 37 36 22 32 42 42 42 3 17 19 3 34 26 32 37 28 22 19 19 37 19 12 39 37 42 36 9 37 34 30 19 42 29 38 31 29 26 48 43 17 29
39 26 42 19 16 37 19 37 38 19 32 19 1 26 42 11 48 39 38 31 9 2 19 34 12 46 42 19 17 42 3 48 33 29 46 36 34 34 42 32 42 42 42 19 33 42 29 16 42 27
34 34 48 9 29 42 46 36 17 1 12 29 17 46 34 42 2 9 42 42 39 42 42 32 29 43 12 42 30 19 37 37 48 19 32 29 11 42 34 12 1 32 3 42 37 31 29 34 38 29
33 38 42 42 37 3 37 19 33 42 34 46 9 17 34 12 32 16 33 9 46 46 19 42 17 1 46 43 34 32 26 2 29 27 19 48 29 28 29 1 48 17 9 11 36 48 34 16 12 37
26 17 17 37 22 1 1 12 42 1 37 3 17 39 42 32 43 19 17 34 46 32 22 42 19 34 48 37 29 31 1 26 1 29 42 28 26 29 31 19 22 19 39 19 37 11 19 42 42 31
28 42 29 26 11 36 38 19 17 19 29 29 42 37 32 31 37 36 48 30 12 37 32 29 46 42 16 27 12 38 22 19 42 34 34 1 1 11 42 12 17 42 27 29 26 29 29 12 2 37
32 48 19 2 19 43 19 29 19 43 9 19 17 28 32 26 19 48 48 48 17 42 29 31 42 22 1 33 42 39 28 2 26 17 34 26 9 31 16 34 11 9 1 34 38 1 36 42 2 39
42 19 38 29 19 42 19 42 34 33 17 34 1 1 12 39 34 31 42 34 11 34 34 28 16 26 34 32 3 32 1 34 19 19 1 28 11 42 29 29 42 16 34 12 31 33 34 34 32 42
34 19 11 19 31 34 27 1 11 29 26 27 48 26 42 36 1 43 30 34 16 32 16 19 19 11 27 42 32 27 19 1 34 42 39 19 16 26 42 1 38 31 1 38 33 31 29 17 42 16
42 48 2 32 19 31 11 32 16 16 29 32 19 42 19 26 32 42 28 32 1 38 30 27 32 42 48 19 34 12 38 48 27 48 19 12 37 30 16 42 1 17 30 1 48 19 31 1 42 1
26 34 1 42 32 16 3 36 17 42 19 9 29 42 42 42 32 26 38 16 26 17 19 46 3 19 19 2 17 48 48 19 2 29 42 17 32 33 1 39 37 39 32 30 19 12 29 42 2 12
19 32 26 42 26 42 9 29 1 48 36 29 42 42 3 42 29 3 48 9 11 42 42 19 48 1 26 46 37 42 19 26 32 16 48 17 32 11 29 46 48 27 29 37 32 3 34 34 43 42
12 27 42 19 28 42 16 33 26 39 1 9 42 32 1 43 12 28 38 38 12 32 19 26 19 19 30 29 37 39 36 32 1 32 1 9 26 12 48 22 37 12 34 19 29 43 17 2 3 34
42 36 16 12 34 32 42 19 11 34 37 19 19 19 16 22 34 39 48 32 43 42 1 26 3 29 32 37 29 19 2 2 42 42 29 42 29 32 39 12 46 26 28 34 16 11 42 34 42 22
32 37 46 1 32 19 3 33 11 32 29 32 38 42 3 42 1 1 42 38 22 11 29 42 31 19 26 38 42 34 11 34 43 3 43 19 19 34 36 27 19 3 48 28 1 32 42 42 3 37
37 42 26 11 42 30 12 33 12 37 31 16 11 38 16 29 37 42 33 29 12 19 26 19 34 46 1 19 36 31 31 36 26 34 42 17 32 1 12 42 19 2 34 42 34 26 37 43 1 32
34 42 9 19 27 29 12 33 42 28 22 19 19 26 34 26 16 38 22 3 30 12 42 2 22 19 48 9 26 19 33 1 12 48 12 28 11 42 1 39 43 12 19 19 32 3 1 32 17 19
19 42 17 19 29 42 11 34 34 29 28 42 19 36 30 42 11 1 37 1 17 11 19 19 19 43 1 1 34 32 38 30 32 42 36 42 16 1 46 39 2 19 34 17 27 29 19 46 27 39
26 12 19 12 42 42 26 42 28 43 39 42 36 33 42 48 1 32 26 42 19 42 2 29 32 1 16 43 26 30 19 30 1 42 29 1 34 30 19 30 1 37 29 1 26 42 29 28 32 42
22 42 48 9 12 17 46 32 32 48 3 11 2 11 42 22 19 37 32 17 33 12 19 1 1 19 34 36 34 19 38 9 42 29 9 34 32 19 19 9 9 30 43 27 12 29 1 31 42 38
19 37 43 2 31 34 19 39 19 36 33 29 26 33 37 12 19 29 16 34 31 12 46 38 17 30 42 27 19 29 48 17 12 46 1 16 36 12 11 31 42 29 19 17 43 2 17 37 32 19
19 26 34 36 29 42 2 17 48 29 34 34 34 19 39 48 32 12 37 48 32 42 43 12 37 9 38 17 11 11 32 39 11 11 46 36 16 42 31 46 19 11 42 12 43 36 12 29 19 38
32 30 27 33 19 46 42 37 42 16 17 48 34 22 32 12 32 9 38 42 42 11 29 33 34 26 46 26 37 28 11 33 32 16 36 27 11 32 28 28 11 1 48 42 17 34 30 19 32 26
33 42 3 30 2 17 19 30 42 11 22 34 19 29 32 36 9 19 2 34 34 19 42 32 1 29 26 3 34 42 37 33 32 19 29 36 12 19 34 19 31 19 1 17 29 11 9 32 29 17
19 12 1 32 26 22 48 38 17 11 29 30 29 26 34 19 34 28 34 33 33 32 48 38 12 17 39 42 17 32 19 42 29 11 34 29 42 2 42 48 16 37 36 26 34 28 17 17 34 11
29 26 22 19 3 37 37 19 2 38 42 19 19 11 3 1 31 31 36 32 19 3 34 19 30 42 1 32 3 29 34 17 19 11 34 42 33 28 48 2 32 32 34 28 26 28 1 30 36 19
26 3 38 28 29 17 34 42 1 27 26 42 42 34 29 34 27 37 1 12 42 3 34 12 11 48 32 17 22 34 37 42 17 30 2 9 9 29 28 42 32 32 48 27 34 22 19 42 29 19
30 48 42 46 1 11 11 29 27 32 1 17 17 46 27 2 19 32 12 42 38 26 1 42 26 19 19 42 1 19 17 16 19 33 17 42 37 34 31 11 26 26 36 48 38 11 26 46 17 26
31 29 36 48 19 42 42 1 19 42 29 16 1 34 1 16 3 46 19 42 34 42 22 30 19 28 26 22 19 46 42 39 29 37 26 12 32 30 37 37 34 42 27 1 42 34 1 46 27 2
22 19 11 28 26 42 42 27 26 11 1 19 19 26 31 26 26 12 30 34 37 11 17 1 28 48 34 1 37 1 34 19 37 42 32 16 32 12 37 48 29 42 19 42 34 39 12 22 32 37
1 19 42 1 27 42 42 27 12 19 39 29 28 48 43 16 17 34 16 29 29 37 39 19 17 32 17 22 28 48 48 34 38 42 17 26 33 29 17 34 9 22 37 32 11 42 42 37 19 19
3 48 12 34 42 33 42 34 42 9 19 12 17 46 19 27 9 19 37 1 17 19 32 11 19 22 19 48 1 29 38 43 29 39 42 1 26 42 29 3 3 28 16 27 29 12 11 42 32 28
19 19 27 1 9 2 48 37 42 27 19 19 38 48 29 38 37 36 32 29 43 1 38 48 2 16 34 37 17 32 17 3 32 26 31 42 42 48 11 39 29 33 19 37 42 11 32 32 17 31
19 29 29 19 34 37 28 17 12 22 19 27 32 1 26 19 42 22 19 2 43 1 11 19 42 1 19 36 17 29 37 37 12 31 42 22 22 39 12 30 37 19 9 1 1 32 19 32 34 34
36 1 42 33 17 11 19 29 11 42 43 28 1 1 34 1 1 17 19 12 29 32 32 11 2 38 27 11 46 19 17 11 38 19 31 19 31 16 32 11 42 11 29 11 32 2 37 2 22 32
17 30 42 42 19 28 34 1 9 30 2 30 42 34 29 33 48 48 33 32 38 39 19 12 12 17 26 43 29 17 1 48 42 32 19 29 1 29 1 1 33 32 38 42 42 16 42 39 12 37
42 33 38 11 43 11 27 11 19 30 29 19 42 27 17 1 29 31 19 12 42 1 31 11 19 19 19 33 48 32 48 1 26 22 2 11 29 26 42 17 32 42 1 19 19 36 19 19 39 19
12 42 46 42 19 1 16 19 19 43 16 42 16 11 33 30 31 26 33 42 30 48 43 33 46 42 28 42 17 42 32 42 17 22 17 1 19 42 42 17 27 28 36 37 37 17 37 42 42 12
48 19 11 17 38 19 32 12 27 32 32 34 16 42 34 22 37 19 19 42 34 42 39 29 42 34 28 34 12 32 48 32 36 26 42 42 32 36 42 19 34 43 48 32 1 19 46 17 9 29
19 19 29 27 33 29 11 32 33 48 37 42 36 9 19 48 1 19 32 29 42 29 27 1 29 1 17 17 42 34 42 37 37 29 19 42 19 48 29 12 48 34 3 36 29 42 38 42 48 31
9 12 37 3 39 31 32 42 19 48 42 1 34 46 19 37 28 42 19 34 1 2 32 42 42 2 26 42 12 34 37 42 3 9 19 11 42 11 26 1 42 39 26 42 37 12 12 42 27 39
22 29 39 34 1 42 26 3 22 42 1 43 12 11 38 42 1 12 17 3 17 1 11 42 12 26 42 16 29 48 42 32 42 12 19 42 32 46 31 36 26 42 37 19 26 26 37 42 11 26
