50
100000 100000
99999 100000
100000 99999
100000 50000
1 1
15877 15501
3275 1566
32588 2978
19872 1245
26167 24040
29723 9195
23845 24
31570 7899
15510 641
16472 10886
24562 9135
30773 14915
10527 8657
31282 29268
25312 15063
5321 2354
24633 13565
18245 13728
22323 10628
31281 1915
8557 7964
29174 26570
25174 11292
11843 1430
23368 4192
21955 2027
14640 13087
27107 16708
28744 10271
5779 2189
31187 8314
17210 2651
22690 6669
19414 9101
16994 10147
25363 15462
25566 5032
12858 1884
17893 4033
16755 4364
18147 13604
16305 515
7879 6193
26614 19640
27628 10361
