5 4
5 3 2 1 4
5 2
4 2 5 1 3
8 7
4 8 6 2 5 3 1 7
8 4
6 1 4 5 3 7 2 8
7 3
1 4 5 7 3 6 2
8 7
8 5 7 4 6 1 2 3
6 9
6 5 2 1 3 4
8 6
4 2 1 7 5 8 3 6
9 3
2 8 6 3 9 4 7 1 5
10 101480373
10 4 1 2 5 6 3 9 8 7
13 71632045
7 2 10 3 13 6 4 11 5 9 8 12 1
11 16609396
9 4 10 2 1 8 6 11 7 3 5
20 79330579
6 13 5 10 3 9 7 4 15 19 11 2 12 14 1 16 8 17 18 20
11 834610
8 9 2 7 4 10 1 5 3 11 6
15 99924845
4 1 11 6 8 15 9 7 10 14 3 5 12 2 13
15 14526227
13 5 1 8 15 14 12 10 4 11 9 6 3 2 7
19 450721
5 15 17 14 18 12 8 9 11 10 6 2 4 13 19 3 16 1 7
20 12618931
1 3 18 19 6 4 13 16 9 20 15 10 2 11 8 17 5 12 7 14
10 16614513
10 2 1 4 5 8 3 9 7 6
20 15195753
17 2 7 6 10 14 19 20 12 13 11 1 16 4 5 8 15 18 9 3
19 51756250
19 17 2 10 4 1 15 7 13 16 8 9 6 3 14 12 18 11 5
10 62458705
3 1 6 4 8 7 2 5 9 10
20 1868248
9 15 2 8 17 6 12 5 20 10 13 16 1 18 3 14 19 11 4 7
18 57029666
3 8 7 18 17 6 11 14 15 4 5 16 9 10 1 12 13 2
10 2388985
2 1 9 10 8 7 3 5 6 4
12 82702619
6 9 7 4 1 8 5 11 10 3 12 2
18 74770228
3 9 13 2 16 7 8 1 6 15 11 4 14 12 17 5 10 18
19 72838505
4 10 17 2 5 9 15 8 11 6 13 12 3 7 16 1 18 19 14
17 7203939
14 3 17 6 9 11 12 13 5 7 2 10 8 16 15 4 1
16 42066541
3 9 10 4 6 8 1 5 11 13 14 7 12 16 15 2
11 17552275
5 8 1 9 11 10 6 4 3 2 7
17 12600347
6 17 7 2 11 16 10 15 5 9 12 3 13 14 1 8 4
19 26935921
14 19 2 17 10 1 16 12 13 18 15 3 5 8 7 6 4 11 9
16 11261065
14 12 9 7 10 16 3 5 15 13 2 1 6 11 8 4
12 37632442
2 8 4 1 3 6 5 11 9 12 10 7
18 80437393
9 15 18 7 8 10 3 13 14 5 2 6 12 17 11 4 1 16
20 103530787
15 9 14 13 4 2 11 3 8 19 10 1 18 6 16 12 5 17 7 20
13 22179808
1 12 9 7 11 8 10 4 5 6 2 3 13
14 34255477
6 1 2 7 8 9 5 10 12 4 11 13 3 14
13 52281851
13 7 1 9 11 3 10 12 2 6 4 8 5
14 79100440
14 13 12 4 6 10 8 1 11 5 2 7 9 3
10 39345477
2 7 6 3 5 9 10 4 1 8
15 10634339
9 15 5 2 8 4 10 12 14 11 3 13 7 6 1
12 343046
2 8 4 6 3 10 12 1 11 5 9 7
13 1242572
8 4 11 5 2 1 9 12 3 13 6 7 10
11 58121350
3 7 10 5 4 9 1 11 6 2 8
10 67760981
1 7 3 10 9 2 8 5 6 4
19 28328839
7 5 4 2 1 9 17 18 15 16 10 13 8 3 11 6 12 14 19
10 10131553
5 6 4 10 7 3 9 8 2 1
11 12975796
2 9 4 7 3 11 8 10 6 5 1
11 22167461
10 5 4 7 2 8 11 3 9 6 1
13 1412901
8 12 10 2 7 13 5 9 11 1 6 3 4
18 6044226
7 10 11 15 4 12 18 1 16 8 3 2 17 9 14 5 13 6
13 23505385
2 9 7 5 1 12 10 13 6 11 4 3 8
16 15626971
16 1 7 14 13 2 3 4 8 15 9 10 5 11 6 12
18 10878781
10 2 7 9 6 18 13 8 12 4 14 3 5 11 1 15 16 17
15 40467988
9 5 3 7 1 12 8 2 14 11 13 15 4 10 6
16 28491751
13 3 4 5 15 10 12 9 8 16 6 2 7 1 14 11
12 5686753
10 1 3 8 4 12 6 5 2 7 11 9
14 58478421
3 2 4 13 7 5 9 10 1 8 14 11 12 6
12 78140701
2 11 5 8 7 6 3 9 10 12 1 4
17 33146079
1 16 3 2 12 6 10 7 11 13 9 15 4 5 8 14 17
12 21503851
8 3 4 11 7 12 5 1 2 9 10 6
15 8289793
9 14 10 7 3 12 8 4 5 6 13 2 15 11 1
15 10822771
3 9 7 15 14 8 12 10 13 4 2 6 11 5 1
13 20603969
2 11 13 6 8 4 5 1 3 9 12 10 7
10 1910413
4 8 2 9 10 5 3 7 6 1
11 11874064
10 4 1 8 11 2 5 7 3 9 6
18 63877031
15 9 12 1 18 13 16 10 4 17 5 14 11 3 2 8 7 6
15 41884343
14 1 10 2 6 8 3 4 9 15 5 11 7 12 13
15 49704831
10 6 12 11 7 1 15 13 4 14 5 8 2 3 9
19 3915889
16 3 8 10 9 1 13 2 7 14 5 6 19 17 4 15 11 18 12
20 83996181
10 19 16 3 15 13 8 7 4 17 5 11 9 6 20 1 14 12 18 2
14 9074213
7 10 4 14 1 13 6 12 11 9 2 3 8 5
15 19894456
6 1 9 2 8 7 3 10 4 5 15 13 11 14 12
10 49688321
9 5 10 6 3 7 2 1 4 8
12 4240803
2 6 3 8 12 11 1 9 10 4 5 7
17 96302181
7 17 2 4 10 5 1 11 3 14 15 8 12 13 16 6 9
10 5806025
5 2 3 4 9 1 6 10 8 7
14 24020401
10 14 13 5 3 6 8 7 12 11 9 2 4 1
17 27094249
12 5 9 17 15 4 13 11 10 2 7 6 16 8 3 1 14
20 62684020
9 16 3 6 2 20 19 18 13 7 12 5 1 8 4 14 17 15 11 10
13 11209693
1 10 7 5 4 11 6 12 3 8 13 2 9
12 16295930
12 9 7 5 4 2 3 1 11 6 8 10
12 63819866
6 5 9 8 1 3 2 12 4 7 10 11
12 86788066
2 8 11 4 12 9 10 1 7 6 5 3
14 426714
5 11 1 10 6 3 7 2 4 13 9 12 8 14
20 26651401
15 9 3 18 1 20 8 13 17 6 16 11 5 7 10 14 12 19 4 2
14 56333149
12 14 7 8 11 2 3 10 5 1 13 6 4 9
15 62170364
1 13 14 15 6 8 4 2 7 12 10 3 5 11 9
16 3656357
5 1 3 2 4 14 6 8 12 7 9 16 13 10 11 15
16 51717331
1 9 4 2 3 8 6 14 13 5 10 11 16 7 12 15
18 85638753
2 18 13 11 4 14 5 1 16 9 10 7 3 15 8 17 6 12
12 13441075
9 3 11 5 6 10 7 12 4 8 1 2
11 10480705
11 8 1 6 9 2 5 10 3 7 4
13 71997576
1 5 7 2 11 12 9 10 6 8 4 13 3
11 57158641
9 8 7 10 6 4 5 3 1 11 2
16 4590076
15 4 1 9 14 7 10 11 12 6 13 5 8 3 2 16
18 1027967
16 14 12 4 3 17 15 18 9 5 7 11 1 2 8 10 6 13
10 36314806
5 8 2 1 6 9 7 10 4 3
0 0
